203	2.8999056667089462e-06	7, 29
203	2.2800013539381325e-06	7, 29
217	2.400018274784088e-06	7, 31
217	1.8700011423788965e-06	7, 31
38509	9.599956683814526e-06	97, 397
38509	9.330004104413092e-06	97, 397
39673	1.4500110410153866e-05	97, 409
39673	8.950002666097134e-06	97, 409
41303	1.109996810555458e-05	103, 401
41303	9.399998816661537e-06	103, 401
41309	1.3199984095990658e-05	101, 409
41309	9.689996659290045e-06	101, 409
41807	1.0499963536858559e-05	97, 431
41807	9.379997209180146e-06	97, 431
42479	1.5900004655122757e-05	107, 397
42479	9.928997315000743e-06	107, 397
43157	1.6000005416572094e-05	103, 419
43157	9.81999619398266e-06	103, 419
43531	1.4899997040629387e-05	101, 431
43531	1.082000380847603e-05	101, 431
43957	1.209997572004795e-05	113, 389
43957	1.049999991664663e-05	113, 389
44329	1.4499993994832039e-05	97, 457
44329	9.269999281968921e-06	97, 457
44581	1.1899974197149277e-05	109, 409
44581	1.0180003300774843e-05	109, 409
44743	1.4899997040629387e-05	101, 443
44743	9.679999493528157e-06	101, 443
44833	1.6400008462369442e-05	107, 419
44833	1.0419993486721069e-05	107, 419
46157	1.0699965059757233e-05	101, 457
46157	9.719995432533324e-06	101, 457
46217	1.4499993994832039e-05	113, 409
46217	1.0660005500540137e-05	113, 409
46247	1.3899989426136017e-05	103, 449
46247	9.870003850664943e-06	103, 449
46331	1.610000617802143e-05	107, 433
46331	1.0049996490124613e-05	107, 433
46561	1.5099998563528061e-05	101, 461
46561	9.659997886046767e-06	101, 461
46763	1.2499978765845299e-05	101, 463
46763	9.789997420739383e-06	101, 463
46979	1.610000617802143e-05	109, 431
46979	1.0339994332753122e-05	109, 431
47167	1.550000160932541e-05	101, 467
47167	9.199997293762863e-06	101, 467
47347	1.1199968867003918e-05	113, 419
47347	1.069900463335216e-05	113, 419
47401	1.2199976481497288e-05	107, 443
47401	1.0240000847261399e-05	107, 443
47627	1.2499978765845299e-05	97, 491
47627	9.06000059330836e-06	97, 491
48403	1.00000761449337e-05	97, 499
48403	9.250004950445145e-06	97, 499
48703	1.279998105019331e-05	113, 431
48703	1.0659998224582523e-05	113, 431
48791	1.4400109648704529e-05	97, 503
48791	9.370000043418258e-06	97, 503
49187	1.550000160932541e-05	101, 487
49187	9.420000424142927e-06	101, 487
49403	1.8300022929906845e-05	127, 389
49403	1.2110001989640296e-05	127, 389
49541	1.400010660290718e-05	107, 463
49541	1.0159994417335838e-05	107, 463
50249	1.650000922381878e-05	109, 461
50249	1.0249998013023287e-05	109, 461
50419	1.379998866468668e-05	127, 397
50419	1.1719996109604836e-05	127, 397
50467	1.3899989426136017e-05	109, 463
50467	9.900002623908222e-06	109, 463
50737	1.2500095181167126e-05	113, 449
50737	1.0660005500540137e-05	113, 449
50803	1.4099990949034691e-05	101, 503
50803	9.520001185592264e-06	101, 503
50927	1.8600025214254856e-05	127, 401
50927	1.1889002053067088e-05	127, 401
51253	1.0399962775409222e-05	107, 479
51253	1.0219999239780009e-05	107, 479
51641	1.5199999324977398e-05	113, 457
51641	1.0750001820269972e-05	113, 457
51943	1.27000967040658e-05	127, 409
51943	1.1850002920255065e-05	127, 409
52109	1.2299977242946625e-05	107, 487
52109	1.026000245474279e-05	107, 487
53213	1.7900019884109497e-05	127, 419
53213	1.1780000932049006e-05	127, 419
53393	1.4199991710484028e-05	107, 499
53393	9.709998266771436e-06	107, 499
54127	1.1499971151351929e-05	113, 479
54127	1.0690004273783416e-05	113, 479
54391	1.6000005416572094e-05	109, 499
54391	1.1970005289185792e-05	109, 499
54737	1.6399892047047615e-05	127, 431
54737	1.1969998013228178e-05	127, 431
54991	1.1899974197149277e-05	127, 433
54991	1.1879994417540729e-05	127, 433
55483	1.2499978765845299e-05	113, 491
55483	1.0559997463133186e-05	113, 491
55753	1.8399907276034355e-05	127, 439
55753	1.1819996871054173e-05	127, 439
56261	1.8900027498602867e-05	127, 443
56261	1.1900003300979733e-05	127, 443
56387	1.5300000086426735e-05	113, 499
56387	1.078000059351325e-05	113, 499
56839	1.5900004655122757e-05	113, 503
56839	1.0639996617101133e-05	113, 503
57023	1.7400016076862812e-05	127, 449
57023	1.168000017059967e-05	127, 449
59309	1.8300022929906845e-05	127, 467
59309	1.1839998478535563e-05	127, 467
60833	1.850002445280552e-05	127, 479
60833	1.1809999705292284e-05	127, 479
61849	1.6900012269616127e-05	127, 487
61849	1.1709998943842947e-05	127, 487
62357	1.3299984857439995e-05	127, 491
62357	1.1839998478535563e-05	127, 491
63373	1.309998333454132e-05	127, 499
63373	1.1949996405746788e-05	127, 499
64643	1.819990575313568e-05	127, 509
64643	1.1860000086016953e-05	127, 509
2511198461	0.003270899993367493	24907, 100823
2511198461	0.00256620800064411	24907, 100823
2556117901	0.0033434999641031027	25411, 100591
2556117901	0.0025557490007486194	25411, 100591
2567091563	0.003514499985612929	24671, 104053
2567091563	0.0023829799974919297	24671, 104053
2653656419	0.003101500100456178	26203, 101273
2653656419	0.0027652069984469563	26203, 101273
2682580051	0.0028478000313043594	25841, 103811
2682580051	0.0025329179989057593	25841, 103811
2693354269	0.0034543999936431646	27061, 99529
2693354269	0.002614968005218543	27061, 99529
2695564583	0.003140200045891106	25409, 106087
2695564583	0.0024640100018586963	25409, 106087
2722393901	0.003248899942263961	25741, 105761
2722393901	0.0024885689999791794	25741, 105761
2748625751	0.0031364000169560313	25343, 108457
2748625751	0.002537738997489214	25343, 108457
2790340699	0.002983100013807416	27427, 101737
2790340699	0.0026227080015814863	27427, 101737
2798185763	0.002739100018516183	25819, 108377
2798185763	0.002491549006663263	25819, 108377
2825298121	0.0035847999388352036	27449, 102929
2825298121	0.002647658002388198	27449, 102929
2828827621	0.0034026000648736954	25759, 109819
2828827621	0.00249617899680743	25759, 109819
2838210209	0.0037347000325098634	28027, 101267
2838210209	0.00271301600150764	28027, 101267
2859112297	0.003356599947437644	26407, 108271
2859112297	0.002552058002038393	26407, 108271
2906411489	0.003784000058658421	29531, 98419
2906411489	0.002910194998548832	29531, 98419
2961085739	0.0035333000123500824	26669, 111031
2961085739	0.002559847998782061	26669, 111031
2970352969	0.003449200070463121	26891, 110459
2970352969	0.0026207180053461343	26891, 110459
2980360717	0.0033048000186681747	24659, 120863
2980360717	0.0023728800006210804	24659, 120863
2991187327	0.0033841999247670174	25969, 115183
2991187327	0.0025088390029850416	25969, 115183
3001882393	0.0038566000293940306	29327, 102359
3001882393	0.002844785005436279	29327, 102359
3013495853	0.0037389000644907355	29101, 103553
3013495853	0.002807206998113543	29101, 103553
3016418039	0.0036726000253111124	27271, 110609
3016418039	0.0026464570037205704	27271, 110609
3052361281	0.003757099970243871	29147, 104723
3052361281	0.0029257950009196065	29147, 104723
3109043761	0.003868600004352629	31069, 100069
3109043761	0.002992275003634859	31069, 100069
3144837919	0.00405970006249845	31489, 99871
3144837919	0.003079055000853259	31489, 99871
3160915273	0.0033762999810278416	31247, 101159
3160915273	0.003061544004594907	31247, 101159
3170756791	0.003928099991753697	30689, 103319
3170756791	0.0030291240036603995	30689, 103319
3180307463	0.003256099997088313	25439, 125017
3180307463	0.0024586600047769025	25439, 125017
3188798507	0.0037243999540805817	30223, 105509
3188798507	0.0029148649991839193	30223, 105509
3190907009	0.0031796999974176288	25609, 124601
3190907009	0.002535788997192867	25609, 124601
3193135663	0.004099200014024973	31963, 99901
3193135663	0.0031951730052242056	31963, 99901
3198528493	0.003908300073817372	29567, 108179
3198528493	0.0028460160028771497	29567, 108179
3207655037	0.003271199995651841	27059, 118543
3207655037	0.002796657005092129	27059, 118543
3208267229	0.003952399943955243	29027, 110527
3208267229	0.0028242159969522618	29027, 110527
3210252827	0.0040055999998003244	31699, 101273
3210252827	0.0030446539967670105	31699, 101273
3210517823	0.0035525000421330333	29173, 110051
3210517823	0.003078194997215178	29173, 110051
3210801463	0.003104600007645786	25031, 128273
3210801463	0.0024224389999289997	25031, 128273
3214875809	0.0037829000502824783	29347, 109547
3214875809	0.002819905996148009	29347, 109547
3226636529	0.0036871000193059444	28549, 113021
3226636529	0.0028104259981773794	28549, 113021
3233485741	0.003259100019931793	26489, 122069
3233485741	0.0025461779951001517	26489, 122069
3260506159	0.0029198999982327223	26947, 120997
3260506159	0.002666908003448043	26947, 120997
3264337751	0.0033902000868692994	26591, 122761
3264337751	0.0026245379995089024	26591, 122761
3280246969	0.0033903999719768763	26171, 125339
3280246969	0.002582727996923495	26171, 125339
3283427087	0.003410100005567074	28081, 116927
3283427087	0.0026920470045297407	28081, 116927
3283520293	0.003339699935168028	25117, 130729
3283520293	0.0023974700015969574	25117, 130729
3295382053	0.004266300005838275	32327, 101939
3295382053	0.0032034820033004507	32327, 101939
3300947743	0.003253400092944503	25423, 129841
3300947743	0.0024433700018562376	25423, 129841
3302891093	0.002817199914716184	26417, 125029
3302891093	0.0025233189953723922	26417, 125029
3315538909	0.0040068000089377165	30427, 108967
3315538909	0.002931284994701855	30427, 108967
3321296933	0.0031359000131487846	25867, 128399
3321296933	0.00249190899921814	25867, 128399
3326297269	0.0035255999537184834	27449, 121181
3326297269	0.0026563779974821955	27449, 121181
3329453359	0.003913399996235967	29501, 112859
3329453359	0.002847955998731777	29501, 112859
3331142849	0.004254600033164024	31873, 104513
3331142849	0.00313324300077511	31873, 104513
3331464623	0.003590599982999265	28751, 115873
3331464623	0.0028199259977554902	28751, 115873
3343356287	0.0039255000883713365	29873, 111919
3343356287	0.003152713004965335	29873, 111919
3431089121	0.0037767000030726194	28537, 120233
3431089121	0.002757256996119395	28537, 120233
3437671973	0.00301360001321882	26387, 130279
3437671973	0.0025733980000950396	26387, 130279
3446464531	0.0035638000117614865	30341, 113591
3446464531	0.0029204950042185374	30341, 113591
3450203663	0.003965299925766885	31817, 108439
3450203663	0.003314180998131633	31817, 108439
3450908651	0.0030341000529006124	26987, 127873
3450908651	0.002601567997771781	26987, 127873
3479882369	0.003226200002245605	26711, 130279
3479882369	0.002575247999629937	26711, 130279
3480945463	0.0042195999994874	32183, 108161
3480945463	0.003088254001340829	32183, 108161
3514047857	0.0037863999605178833	30893, 113749
3514047857	0.0029883039969718084	30893, 113749
3524133901	0.004082600004039705	32173, 109537
3524133901	0.0030927650004741736	32173, 109537
3527950729	0.003746599890291691	27647, 127607
3527950729	0.0026631180007825606	27647, 127607
3532392323	0.003923299955204129	32141, 109903
3532392323	0.0030915229945094325	32141, 109903
3536361391	0.0036174000706523657	32381, 109211
3536361391	0.003135413004201837	32381, 109211
3565864469	0.0042106000473722816	30809, 115741
3565864469	0.003104463998170104	30809, 115741
3569043241	0.003918299917131662	30307, 117763
3569043241	0.0029346849987632595	30307, 117763
3572926103	0.0036376999923959374	28657, 124679
3572926103	0.0027658370017888956	28657, 124679
3583655659	0.004027399932965636	28703, 124853
3583655659	0.0027700069986167364	28703, 124853
3586972951	0.0041096999775618315	31859, 112589
3586972951	0.0030856129960739054	31859, 112589
3602688077	0.00408330000936985	30803, 116959
3602688077	0.002963266000733711	30803, 116959
3637756867	0.0034168000565841794	31063, 117109
3637756867	0.0030598640005337074	31063, 117109
3650398607	0.003730399999767542	28901, 126307
3650398607	0.0027892159996554255	28901, 126307
3655183673	0.0035004999954253435	30293, 120661
3655183673	0.0029040950030321255	30293, 120661
3682234883	0.0028973000589758158	30241, 121763
3682234883	0.002984115002618637	30241, 121763
3698992049	0.004050099989399314	32009, 115561
3698992049	0.003082383998844307	32009, 115561
3703382443	0.004218699992634356	32141, 115223
3703382443	0.0031031939943204634	32141, 115223
3733419881	0.003890200052410364	30181, 123701
3733419881	0.00295345600170549	30181, 123701
3736729207	0.0027468999614939094	28817, 129671
3736729207	0.0027780860036727972	28817, 129671
3758834689	0.003766500041820109	30269, 124181
3758834689	0.00291652499436168	30269, 124181
3761758103	0.0038189999759197235	30949, 121547
3761758103	0.003020524003659375	30949, 121547
3778908751	0.003841000027023256	30203, 125117
3778908751	0.002914445001806598	30203, 125117
3797921707	0.0037517999298870564	29027, 130841
3797921707	0.002891986005124636	29027, 130841
3806005381	0.004257100052200258	30341, 125441
3806005381	0.002925195003626868	30341, 125441
3833944573	0.004099300014786422	32297, 118709
3833944573	0.003088314006163273	32297, 118709
3834202949	0.004252400016412139	32297, 118717
3834202949	0.003095613996265456	32297, 118717
3845396741	0.0042909999610856175	32687, 117643
3845396741	0.003252632996009197	32687, 117643
3870236791	0.0037601999938488007	31079, 124529
3870236791	0.0029982440028106794	31079, 124529
3875733839	0.0040571000427007675	30391, 127529
3875733839	0.0030276440011220984	30391, 127529
3877637977	0.003845399944111705	31357, 123661
3877637977	0.0031473429990001023	31357, 123661
3895286117	0.004113700008019805	32611, 119447
3895286117	0.003320682000776287	32611, 119447
3986031359	0.0037167000118643045	30509, 130651
3986031359	0.0029760960023850203	30509, 130651
4012608241	0.004311299999244511	31387, 127843
4012608241	0.0030475029998342507	31387, 127843
4031464739	0.004203599994070828	31249, 129011
4031464739	0.0030498740015900694	31249, 129011
4042538767	0.004140599980019033	31079, 130073
4042538767	0.003003724996233359	31079, 130073
4061150879	0.004040500032715499	31189, 130211
4061150879	0.0030182450063875876	31189, 130211
4264702847	0.003886900027282536	32609, 130783
4264702847	0.0031538240000372753	32609, 130783
165427057167347	0.8037164000561461	6429691, 25728617
165427057167347	0.6561290329991607	6429691, 25728617
167374010958731	0.7302886000834405	6535709, 25609159
167374010958731	0.6517912630006322	6535709, 25609159
168147715043599	0.8073248999426141	6540539, 25708541
168147715043599	0.6470832300037728	6540539, 25708541
169600901958847	0.8298800999764353	6579733, 25776259
169600901958847	0.6492954490022385	6579733, 25776259
171535515317473	0.844608600018546	6721427, 25520699
171535515317473	0.6631891790020745	6721427, 25520699
174078963991019	0.755033600027673	6546131, 26592649
174078963991019	0.6567402869986836	6546131, 26592649
175312342322993	0.8459096000296995	6846811, 25604963
175312342322993	0.6902823650016217	6846811, 25604963
175899268484981	0.81390820001252	6536527, 26910203
175899268484981	0.651056033995701	6536527, 26910203
175975440364487	0.851786799961701	6576529, 26758103
175975440364487	0.6597427599990624	6576529, 26758103
176138466788027	0.851695999968797	6727781, 26180767
176138466788027	0.6747768950008322	6727781, 26180767
177999521316103	0.8176977999974042	6569971, 27092893
177999521316103	0.6597683670042898	6569971, 27092893
179110464301189	0.8288619000231847	6434567, 27835667
179110464301189	0.6424360309974873	6434567, 27835667
180091293817153	0.8352009999798611	6415081, 28073113
180091293817153	0.6534181960014394	6415081, 28073113
181228041944953	0.8786541000008583	7025509, 25795717
181228041944953	0.7013894749979954	7025509, 25795717
183002367173699	0.8892475999891758	6930037, 26407127
183002367173699	0.6925545929989312	6930037, 26407127
183078329468641	0.7072052999865264	6396463, 28621807
183078329468641	0.6454943219941924	6396463, 28621807
184208523265849	0.9160329999867827	7206443, 25561643
184208523265849	0.7151629290019628	7206443, 25561643
187717562592839	0.7841897000325844	7195997, 26086387
187717562592839	0.7125378920027288	7195997, 26086387
189149928329419	0.8334409999661148	7497067, 25229857
189149928329419	0.7492321450044983	7497067, 25229857
190287976024877	0.9443452999694273	7396273, 25727549
190287976024877	0.7422629790016799	7396273, 25727549
190356020342539	0.8140129999956116	6414581, 29675519
190356020342539	0.6495270130035351	6414581, 29675519
191250615888991	0.9596829999936745	7461647, 25631153
191250615888991	0.7433227629953763	7461647, 25631153
191697998426041	0.7630129000172019	6916517, 27715973
191697998426041	0.6898015110054985	6916517, 27715973
192217104060973	0.9350820999825373	7488101, 25669673
192217104060973	0.7468263200062211	7488101, 25669673
192453421135253	0.7492426000535488	6696779, 28738207
192453421135253	0.6707723289946443	6696779, 28738207
193332820177141	0.9088526000268757	7085339, 27286319
193332820177141	0.708956335001858	7085339, 27286319
194124016668979	0.8094390999758616	7371773, 26333423
194124016668979	0.7293087169964565	7371773, 26333423
194261418431167	0.7958926999708638	6379091, 30452837
194261418431167	0.6312331549997907	6379091, 30452837
194533927628321	0.9270667999517173	7316453, 26588557
194533927628321	0.7299860279963468	7316453, 26588557
194796168735743	0.8490587000269443	7179943, 27130601
194796168735743	0.7123978170056944	7179943, 27130601
194974465113371	0.8462992000859231	6792083, 28706137
194974465113371	0.6739179319993127	6792083, 28706137
195886699755781	0.9110586999449879	7112711, 27540371
195886699755781	0.7082038219959941	7112711, 27540371
196653883670989	0.8289183999877423	6540181, 30068569
196653883670989	0.6518393039950752	6540181, 30068569
199406981452241	0.7407213000115007	6758533, 29504477
199406981452241	0.6876552570029162	6758533, 29504477
200240971656137	0.8230773000977933	6392879, 31322503
200240971656137	0.6424259899940807	6392879, 31322503
200269326396091	0.8853230000240728	6780881, 29534411
200269326396091	0.6818223549998947	6780881, 29534411
200338937331971	0.8635228999191895	6900499, 29032529
200338937331971	0.6899987599972519	6900499, 29032529
200383439138809	0.8222109000198543	6515497, 30754897
200383439138809	0.650991010996222	6515497, 30754897
200399041428323	0.9951290999306366	7884329, 25417387
200399041428323	0.8146354709970183	7884329, 25417387
201022907250019	0.969835800002329	7626221, 26359439
201022907250019	0.7620944599984796	7626221, 26359439
201580914691297	0.9534754999913275	7539431, 26736887
201580914691297	0.7544421209968277	7539431, 26736887
201820318803847	0.8791702999733388	7059121, 28590007
201820318803847	0.7150255629967432	7059121, 28590007
202005264645797	0.8723895999137312	6949927, 29065811
202005264645797	0.698968340002466	6949927, 29065811
202231666894393	1.003858600044623	7995413, 25293461
202231666894393	0.8034562169996207	7995413, 25293461
202854137927459	0.7880580000346527	7071341, 28686799
202854137927459	0.7533413959972677	7071341, 28686799
204041420366083	0.8122632999438792	7251169, 28139107
204041420366083	0.7215782240018598	7251169, 28139107
205476280584833	0.7112912000156939	6375133, 32230901
205476280584833	0.636752965998312	6375133, 32230901
206180061962969	0.8990158999804407	7049501, 29247469
206180061962969	0.7168007590007619	7049501, 29247469
207218429354329	0.9817094999598339	7796401, 26578729
207218429354329	0.7770725749942358	7796401, 26578729
207492608461097	0.8811757999937981	7115903, 29158999
207492608461097	0.7214739389964961	7115903, 29158999
208974686048759	0.9742756999330595	7705993, 27118463
208974686048759	0.764335113002744	7705993, 27118463
210085419319313	0.8510700999759138	6513019, 32256227
210085419319313	0.6601702580010169	6513019, 32256227
210149725338263	0.9043937000678852	7072589, 29713267
210149725338263	0.71801789500023	7072589, 29713267
211072099747463	0.8557638999773189	6890503, 30632321
211072099747463	0.6907286200003	6890503, 30632321
212067551268407	0.8699475000612438	6966007, 30443201
212067551268407	0.6892663580001681	6966007, 30443201
212321258644483	0.8976452000206336	7071509, 30024887
212321258644483	0.7293998469976941	7071509, 30024887
212842697858863	0.8183263000100851	6529261, 32598283
212842697858863	0.6489985369989881	6529261, 32598283
213012057115723	0.7132439999841154	6450779, 33021137
213012057115723	0.6405999650014564	6450779, 33021137
213417738428981	0.9508267999626696	7545169, 28285349
213417738428981	0.7591242119960953	7545169, 28285349
214127039693261	0.8993793000699952	8119633, 26371517
214127039693261	0.8147765710018575	8119633, 26371517
214187541761621	0.8714307000627741	7838137, 27326333
214187541761621	0.779988966001838	7838137, 27326333
217895319680833	1.0087433999869972	7989767, 27271799
217895319680833	0.8010243590033497	7989767, 27271799
218672001907123	0.8379962999606505	7549963, 28963321
218672001907123	0.7566371739958413	7549963, 28963321
218814081956471	0.9502040999941528	7470007, 29292353
218814081956471	0.7507015129958745	7470007, 29292353
220095124706827	0.8760673999786377	7916861, 27800807
220095124706827	0.7840555500006303	7916861, 27800807
220104499167031	1.0292676000390202	8230889, 26741279
220104499167031	0.8247808579981211	8230889, 26741279
220976403657013	0.8554071000544354	6931339, 31880767
220976403657013	0.7053474660060601	6931339, 31880767
221641946165831	0.7515370999462903	6798991, 32599241
221641946165831	0.6831054849972134	6798991, 32599241
221722916876701	0.8477234999882057	6864653, 32299217
221722916876701	0.6896382990016718	6864653, 32299217
221819003287559	0.8499261999968439	6739147, 32914997
221819003287559	0.6742090919942711	6739147, 32914997
222322896252299	0.8375531999627128	6637049, 33497251
222322896252299	0.6622902189992601	6637049, 33497251
222357093495419	0.8682981999590993	6698009, 33197491
222357093495419	0.663316087993735	6698009, 33197491
224333402690933	0.9436751001048833	7453063, 30099491
224333402690933	0.7364674540003762	7453063, 30099491
224558544341317	1.0025469999527559	7902701, 28415417
224558544341317	0.7838959720029379	7902701, 28415417
224699430128839	1.0122416000813246	8069107, 27846877
224699430128839	0.8020698109976365	8069107, 27846877
225319475521039	1.0345949999755248	8261819, 27272381
225319475521039	0.8239619479936664	8261819, 27272381
226671069839077	0.8537537000374869	6798817, 33339781
226671069839077	0.6809510989987757	6798817, 33339781
227815730081993	0.9152403000043705	8144111, 27973063
227815730081993	0.8416920130039216	8144111, 27973063
229537896912347	1.0521196998888627	8091521, 28367707
229537896912347	0.8064547859976301	8091521, 28367707
231471176376799	0.8915322000393644	7151093, 32368643
231471176376799	0.7184486909973202	7151093, 32368643
232134941410991	1.0160306999459863	8075563, 28745357
232134941410991	0.8065730599992094	8075563, 28745357
232201583708383	0.8429639999521896	7157987, 32439509
232201583708383	0.7197921740007587	7157987, 32439509
232470763232989	0.866047800052911	7819111, 29731099
232470763232989	0.7776788070041221	7819111, 29731099
232937223564271	1.0239006000338122	8120759, 28684169
232937223564271	0.8130661050017807	8120759, 28684169
233838834646999	0.9192113999743015	7307731, 31998829
233838834646999	0.7454050859960262	7307731, 31998829
237017682405857	0.8320409000152722	7361063, 32198839
237017682405857	0.7497053980041528	7361063, 32198839
237661434007183	0.9296727000037208	7189907, 33054869
237661434007183	0.7079607230043621	7189907, 33054869
238108839983359	0.8426327999914065	7531283, 31615973
238108839983359	0.7519403019978199	7531283, 31615973
239487764076833	1.0125551000237465	8153347, 29372939
239487764076833	0.8065171350026503	8153347, 29372939
239558598217579	0.980582999996841	7899751, 30324829
239558598217579	0.7826557619991945	7899751, 30324829
244855461187703	1.0322923000203446	8220101, 29787403
244855461187703	0.8149098489957396	8220101, 29787403
245254707957989	0.8100362999830395	7321709, 33496921
245254707957989	0.7373374859962496	7321709, 33496921
245784470294809	0.9513115000445396	7598543, 32346263
245784470294809	0.7610172200002125	7598543, 32346263
245897892111581	1.0727069999556988	8358473, 29418997
245897892111581	0.8536538029948133	8358473, 29418997
254244506560799	1.0301699999254197	8132329, 31263431
254244506560799	0.8099605739989784	8132329, 31263431
259016887089733	1.006332700024359	7990349, 32416217
259016887089733	0.7972326679955586	7990349, 32416217
260086265630189	1.0167562999995425	8068903, 32233163
260086265630189	0.809411287002149	8068903, 32233163
261065730720713	0.9825013000518084	7815659, 33402907
261065730720713	0.7948135210026521	7815659, 33402907
263128789734341	1.0276454999111593	8089967, 32525323
263128789734341	0.8046076919999905	8089967, 32525323
269377869966679	0.9049818000057712	8076191, 33354569
269377869966679	0.8022909799983609	8076191, 33354569
43654760990264041	11.225165799958631	101643943, 429487087
43654760990264041	10.130170538999664	101643943, 429487087
44393896259459861	12.088335599983111	108954743, 407452627
44393896259459861	10.892271859003813	108954743, 407452627
44752985231109509	12.040091600036249	108888163, 410999543
44752985231109509	10.93648562200542	108888163, 410999543
45219717377917741	12.165079899947159	109893137, 411488093
45219717377917741	10.850647463004861	109893137, 411488093
46218460160078827	12.39874430000782	112303691, 411548897
46218460160078827	11.115293604001636	112303691, 411548897
47245626000499447	12.872554400004447	116534783, 405420809
47245626000499447	11.732918631998473	116534783, 405420809
47997418704389377	13.114750500069931	118465733, 405158669
47997418704389377	11.87714313500328	118465733, 405158669
48194952411453503	11.917084299959242	108840343, 442804121
48194952411453503	10.87270952900144	108840343, 442804121
48535953125301437	13.030526099959388	117953093, 411485209
48535953125301437	11.730258689000038	117953093, 411485209
49047635516900287	12.497359300032258	114904103, 426857129
49047635516900287	11.358954590003123	114904103, 426857129
49579561003129709	11.562959800008684	104523863, 474337243
49579561003129709	10.41707552599837	104523863, 474337243
49587228993894073	11.268559099989943	102146179, 485453587
49587228993894073	10.335283822001657	102146179, 485453587
49818841489852399	11.974387499969453	107957173, 461468563
49818841489852399	10.913911025003472	107957173, 461468563
49849913541324179	13.036454200046137	117999263, 422459533
49849913541324179	11.790831547994458	117999263, 422459533
49878967073979961	13.054420199943706	118023929, 422617409
49878967073979961	11.888419915005215	118023929, 422617409
50731891199164757	13.055391400004737	118301497, 428835581
50731891199164757	11.752386911997746	118301497, 428835581
51221997736904009	11.729152100044303	108104677, 473818517
51221997736904009	10.734179163002409	108104677, 473818517
52122564663617561	13.052413000026718	117635381, 443085781
52122564663617561	11.758256572997198	117635381, 443085781
52157861953906679	13.31236939993687	122589821, 425466499
52157861953906679	12.176106824997987	122589821, 425466499
52409773850736997	11.693696400034241	105865313, 495060869
52409773850736997	10.539679893001448	105865313, 495060869
52462142672953463	13.086811799905263	118750459, 441784757
52462142672953463	11.94864837100613	118750459, 441784757
52612965785243917	12.139515100046992	110262281, 477161957
52612965785243917	10.934269069999573	110262281, 477161957
53346970234579999	11.740608799969777	107573201, 495913199
53346970234579999	10.760130237998965	107573201, 495913199
53666231051352427	11.84028860006947	107049281, 501322667
53666231051352427	10.847095787998114	107049281, 501322667
54365649180739987	12.195271100034006	109550003, 496263329
54365649180739987	11.036240558998543	109550003, 496263329
54368125574869987	12.19636860000901	110275421, 493021247
54368125574869987	11.211643734997779	110275421, 493021247
54575344067915861	14.134627100080252	127912067, 426662983
54575344067915861	12.770762582003954	127912067, 426662983
54720617155760177	13.878293000045232	125819087, 434915071
54720617155760177	12.524895986003685	125819087, 434915071
54737897799540029	11.770901100011542	106356169, 514665941
54737897799540029	10.567553064000094	106356169, 514665941
55049964265185079	13.516165900044143	122109991, 450822769
55049964265185079	12.158865175995743	122109991, 450822769
55270272530672119	14.106169499922544	127490983, 433522993
55270272530672119	12.809196128997428	127490983, 433522993
55884177299041577	14.227252000011504	128269997, 435676141
55884177299041577	12.888937633004389	128269997, 435676141
56205406858804417	13.060656400048174	118409887, 474668191
56205406858804417	11.897407495998777	118409887, 474668191
56512353196645139	12.767751700012013	115006999, 491381861
56512353196645139	11.540262886999699	115006999, 491381861
56823127244525687	14.57216400001198	131981177, 430539631
56823127244525687	13.272913488995982	131981177, 430539631
57060919049812807	13.757809599977918	126691949, 450391043
57060919049812807	12.639620585003286	126691949, 450391043
57126632987208517	13.28698610002175	120056809, 475830013
57126632987208517	11.904824377001205	120056809, 475830013
57211857357982403	12.95273499994073	117028313, 488871931
57211857357982403	11.684966833003273	117028313, 488871931
57400783127281381	12.520603899960406	114705491, 500418791
57400783127281381	11.440072828001576	114705491, 500418791
57679140721231717	13.680050099967048	123741791, 466124987
57679140721231717	12.422097795002628	123741791, 466124987
58033504431242003	12.679051799932495	115182421, 503839943
58033504431242003	11.506240221002372	115182421, 503839943
58644864756078067	14.436365499976091	130696229, 448711223
58644864756078067	13.200022051001724	130696229, 448711223
58762398206302919	14.270684099989012	131180521, 447950639
58762398206302919	13.022716470994055	131180521, 447950639
59589391964566097	13.008558899979107	120070417, 496287041
59589391964566097	11.949150006003038	120070417, 496287041
60276121155581711	13.86239459994249	125660911, 479672801
60276121155581711	12.572909046997665	125660911, 479672801
60466062667396459	14.492207199917175	131100383, 461219573
60466062667396459	13.182432390996837	131100383, 461219573
61635509478359381	12.87381389993243	117072979, 526470839
61635509478359381	11.70052178199694	117072979, 526470839
65420543853886769	13.699215599917807	126407293, 517537733
65420543853886769	12.582541905001563	126407293, 517537733
66850791140932951	14.679327400051989	133199951, 501883001
66850791140932951	13.411184899996442	133199951, 501883001
69127260758319389	15.247337799984962	131541737, 525515797
69127260758319389	13.233536203995754	131541737, 525515797
167451863641805221	22.657918100012466	205387711, 815296411
167451863641805221	20.75064190699777	205387711, 815296411
183769070025549577	24.78054589999374	224476009, 818657953
183769070025549577	22.889063836999412	224476009, 818657953
184023554539965223	24.65792759996839	227653067, 808350869
184023554539965223	22.835358674994495	227653067, 808350869
186598910253745723	22.911214499967173	207783209, 898046147
186598910253745723	20.99315577300149	207783209, 898046147
190175337041001877	23.861439000000246	216937943, 876634739
190175337041001877	21.599886825002613	216937943, 876634739
191493975046720261	25.47501840000041	231183377, 828320693
191493975046720261	23.33124583800236	231183377, 828320693
193115615219770343	25.865059899981134	234532271, 823407433
193115615219770343	23.73353373700229	234532271, 823407433
197782310487326113	24.351041799993254	223010549, 886874237
197782310487326113	22.174400713003706	223010549, 886874237
197845299410758903	27.010037900065072	245220511, 806805673
197845299410758903	24.69879343899811	245220511, 806805673
201755337279947147	26.816823900095187	243425461, 828817727
201755337279947147	24.5303870669959	243425461, 828817727
202226620926896743	23.880682399962097	217157903, 931242281
202226620926896743	22.196242515994527	217157903, 931242281
204316198471060133	25.183208500035107	228080947, 895805639
204316198471060133	23.108569867996266	228080947, 895805639
204391467864960751	25.65512510004919	233205481, 876443671
204391467864960751	23.724412297997333	233205481, 876443671
205228484906294623	23.783590800012462	215527231, 952216033
205228484906294623	21.636090867999883	215527231, 952216033
206244040921336303	27.241465499973856	246644831, 836198513
206244040921336303	25.052756072000193	246644831, 836198513
207034193547046457	26.07637090003118	235920709, 877558373
207034193547046457	24.005440806002298	235920709, 877558373
207034823429270929	26.900837299996056	243536017, 850119937
207034823429270929	24.653714633001073	243536017, 850119937
207628634371199669	29.11302499996964	248762791, 834645059
207628634371199669	25.45415395499731	248762791, 834645059
208403793030163537	24.773219399969094	225376321, 924692497
208403793030163537	22.94896004399925	225376321, 924692497
210156652758716479	25.808600500109605	234724871, 895331849
210156652758716479	23.715448802999163	234724871, 895331849
210947516079057739	23.715475699980743	219599819, 960599681
210947516079057739	22.415647458998137	219599819, 960599681
211481002622879681	22.504505299963057	203460527, 1039420303
211481002622879681	20.71225424700242	203460527, 1039420303
212708898192059629	28.308161100023426	257397263, 826383683
212708898192059629	25.85259620600118	257397263, 826383683
218732544318418159	24.184733400004916	223010677, 980816467
218732544318418159	22.361051316001976	223010677, 980816467
219489205826545847	25.69184410001617	233177437, 941296931
219489205826545847	23.568947221996496	233177437, 941296931
222391397488600289	29.291157700004987	265519097, 837572137
222391397488600289	27.17399917599687	265519097, 837572137
224545354531445323	28.95978539995849	262471067, 855505169
224545354531445323	26.540451517001202	262471067, 855505169
224886091170848273	23.36240500002168	211915993, 1061203961
224886091170848273	21.295951701002195	211915993, 1061203961
224921160137751281	24.723700499976985	223683301, 1005533981
224921160137751281	22.608866795999347	223683301, 1005533981
224988724341113783	28.820765399956144	262024157, 858656419
224988724341113783	26.46761331000016	262024157, 858656419
227137149992236283	24.706351900007576	225202721, 1008589723
227137149992236283	22.596951014005754	225202721, 1008589723
229107525158240371	27.11390339990612	246200939, 930571289
229107525158240371	24.65149149899662	246200939, 930571289
230489955721002331	24.341089599998668	221512001, 1040530331
230489955721002331	22.171501966993674	221512001, 1040530331
232567501488841763	29.275468600098975	266121169, 873915827
232567501488841763	26.94572971299931	266121169, 873915827
234099665046949693	24.862396799959242	226275019, 1034580247
234099665046949693	23.015231711004162	226275019, 1034580247
234468183046453483	29.22061840002425	265136491, 884330113
234468183046453483	26.68943555199803	265136491, 884330113
235188147423343073	26.56177090003621	241369811, 974389243
235188147423343073	24.40867693399923	241369811, 974389243
236555371002331859	24.82091320003383	225889627, 1047216617
236555371002331859	22.4551653219969	225889627, 1047216617
238536416586054233	28.963045999989845	267968387, 890166259
238536416586054233	26.909833823003282	267968387, 890166259
239141694029317861	27.68351340002846	251678633, 950186717
239141694029317861	25.113137398002436	251678633, 950186717
240683070561515161	26.762938700034283	242952929, 990657209
240683070561515161	24.550312465995376	242952929, 990657209
242319375482704067	26.9481409	244644217, 990497051
242319375482704067	24.558148269999947	244644217, 990497051
242791202120391329	29.414176300051622	267509657, 907597897
242791202120391329	26.90608224600146	267509657, 907597897
247257659818488107	26.93659169995226	244051417, 1013137571
247257659818488107	24.677095717997872	244051417, 1013137571
253644012482895569	28.69033060001675	260861749, 972331181
253644012482895569	26.014175730000716	260861749, 972331181
258824760455035459	28.01326080004219	254644361, 1016416619
258824760455035459	25.755716116997064	254644361, 1016416619
262124287667165311	27.027919900021516	249008821, 1052670691
262124287667165311	25.010304741001164	249008821, 1052670691
264536512007594839	28.315639600041322	256887703, 1029774913
264536512007594839	25.80518646699784	256887703, 1029774913
264985982446299151	28.961324899923056	267011713, 992413327
264985982446299151	26.752197752997745	267011713, 992413327
280546535447837251	28.960708900005557	262887943, 1067171557
280546535447837251	26.42921403899527	262887943, 1067171557
348270870673289929	44.902064400026575	407224133, 855231413
348270870673289929	40.70231672699447	407224133, 855231413
352247900539533703	45.47549620002974	413758981, 851335963
352247900539533703	41.57717991499521	413758981, 851335963
391613600692603153	44.46134160005022	403418201, 970738553
391613600692603153	40.40913099300087	403418201, 970738553
397689912115271453	49.877967699896544	452847937, 878197469
397689912115271453	45.149878766002075	452847937, 878197469
411370352160994649	51.8695335999364	470778239, 873809191
411370352160994649	46.671037301006436	470778239, 873809191
416586075936521839	56.894196600071155	516528371, 806511509
416586075936521839	51.9810946150028	516528371, 806511509
432703146542249579	46.72454030008521	424601549, 1019080471
432703146542249579	42.42631333399913	424601549, 1019080471
435612492913276291	58.1620865999721	527880179, 825210929
435612492913276291	52.85436046800169	527880179, 825210929
440092424128875737	57.3451461000368	520090561, 846184217
440092424128875737	52.02179607399739	520090561, 846184217
443928741083704907	55.21657660009805	501166109, 885791623
443928741083704907	50.57025099499879	501166109, 885791623
444683681427879191	51.84226870001294	470986693, 944153387
444683681427879191	46.79923412000062	470986693, 944153387
448094676277840091	52.074378599994816	475016351, 943324741
448094676277840091	47.7325245480024	475016351, 943324741
462592462849974491	52.292311499943025	474824341, 974239151
462592462849974491	47.58787284299615	474824341, 974239151
474489952847956247	52.9995744000189	482448397, 983504051
474489952847956247	48.31712191100087	482448397, 983504051
487907242769081827	57.662206200067885	524327161, 930539707
487907242769081827	52.26627300699329	524327161, 930539707
489243380498649409	56.10697269998491	510623363, 958129643
489243380498649409	50.94646181099961	510623363, 958129643
492156491058458777	53.48308719997294	485995843, 1012676339
492156491058458777	48.70415778899769	485995843, 1012676339
503146801361289577	56.78269879997242	516845683, 973495219
503146801361289577	51.286872627002595	516845683, 973495219
509509513801044091	52.21795000007842	475679129, 1071120179
509509513801044091	47.59888281599706	475679129, 1071120179
540541756589497207	57.86106280004606	525957391, 1027729177
540541756589497207	52.67031190700072	525957391, 1027729177
716961347829989461	45.566900200094096	413782799, 1732699739
716961347829989461	41.33172593999916	413782799, 1732699739
745984424471703881	45.03531780000776	410010157, 1819429133
745984424471703881	41.077517388999695	410010157, 1819429133
746456278361828729	47.8812810999807	442019371, 1688741099
746456278361828729	44.463861520001956	442019371, 1688741099
766476519311258351	44.54631420003716	411113933, 1864389547
766476519311258351	41.48429452399432	411113933, 1864389547
771730647579110201	46.87217379990034	426939511, 1807587791
771730647579110201	42.90237878500193	426939511, 1807587791
776972256969893147	44.47155220003333	408309877, 1902898511
776972256969893147	41.04151626199746	408309877, 1902898511
782578354680063563	49.0981802000897	446006909, 1754632807
782578354680063563	45.38649715000065	446006909, 1754632807
804171015029593457	54.91730930004269	499168633, 1611020729
804171015029593457	50.12982039900089	499168633, 1611020729
812256221730788207	45.524734499980696	414081163, 1961586989
812256221730788207	41.69730878200062	414081163, 1961586989
821059062929320463	45.635559800080955	417136561, 1968321983
821059062929320463	41.99557669200294	417136561, 1968321983
833487915711668411	45.54754579998553	414414283, 2011243217
833487915711668411	41.32152351499826	414414283, 2011243217
841223906223690779	46.177592499996535	420934039, 1998469661
841223906223690779	41.970129923996865	420934039, 1998469661
862883282509630771	53.62944269995205	489502457, 1762776203
862883282509630771	49.427497379998385	489502457, 1762776203
874115873480481127	56.705511200008914	515550401, 1695500327
874115873480481127	52.12600858700171	515550401, 1695500327
878460209301340363	52.16655219998211	475622249, 1846970387
878460209301340363	47.94988143700175	475622249, 1846970387
894515637393369821	52.57872280001175	477067099, 1875031079
894515637393369821	47.9816193000006	477067099, 1875031079
897869277058546187	57.35182950005401	522950497, 1716929771
897869277058546187	52.38177396700485	522950497, 1716929771
942950720164049479	56.95099459995981	522165419, 1805846741
942950720164049479	52.94736542600003	522165419, 1805846741
1030918428259742251	57.08961739996448	521503721, 1976818931
1030918428259742251	52.00930127399624	521503721, 1976818931
1042201337975129251	57.13365159998648	517777847, 2012834933
1042201337975129251	51.836745425003755	517777847, 2012834933
1478216043666744593	91.83655470004305	816048361, 1811431913
1478216043666744593	82.76572067399684	816048361, 1811431913
1491345281696552533	97.16802270000335	877530037, 1699480609
1491345281696552533	89.18659241600108	877530037, 1699480609
1495568043909567703	94.31446050002705	851836793, 1755697871
1495568043909567703	86.20743539400428	851836793, 1755697871
1579244755589566579	101.4158273000503	923456917, 1710144487
1579244755589566579	94.38101284099685	923456917, 1710144487
1592972583909301733	106.5602584000444	963412643, 1653468631
1592972583909301733	97.57113123299496	963412643, 1653468631
1606978231298751439	102.53560389997438	930895577, 1726271207
1606978231298751439	95.70012794999639	930895577, 1726271207
1651141195802679941	111.86190829996485	1011559837, 1632272393
1651141195802679941	103.33556812199822	1011559837, 1632272393
1708571449157776891	99.11110739992	898275137, 1902058043
1708571449157776891	91.95121198700508	898275137, 1902058043
1769667383936976229	109.66232170001604	990477779, 1786680551
1769667383936976229	100.41984819999925	990477779, 1786680551
1775480589895894183	118.70398220000789	1072027007, 1656190169
1775480589895894183	110.09358441099903	1072027007, 1656190169
1811583519506040523	103.84138710005209	937239109, 1932893647
1811583519506040523	95.4133684480039	937239109, 1932893647
1833278978282374067	96.50007850001566	872390891, 2101442137
1833278978282374067	89.08553401599784	872390891, 2101442137
1867417537060459051	100.39638029993512	912725831, 2045978621
1867417537060459051	93.38168762099667	912725831, 2045978621
1867767035328320563	100.97020129999146	917392499, 2035951937
1867767035328320563	94.62476959199557	917392499, 2035951937
1899333561848787929	117.05800179997459	1057397069, 1796234941
1899333561848787929	107.3261416000023	1057397069, 1796234941
1899526668653402137	112.40569169993978	1020943271, 1860560447
1899526668653402137	104.2400718699937	1020943271, 1860560447
1932800384514963913	105.56071930006146	952929443, 2028272291
1932800384514963913	96.61366393799835	952929443, 2028272291
1985689906124578607	102.59416410000995	931506227, 2131697941
1985689906124578607	96.35992738800269	931506227, 2131697941
2030124505312506661	105.08802449994255	949916867, 2137160183
2030124505312506661	97.92216560700035	949916867, 2137160183
2072354090365576531	108.22058710001875	978403487, 2118097613
2072354090365576531	100.40465034999943	978403487, 2118097613
2842475942223389189	91.83885630010627	835621351, 3401631539
2842475942223389189	84.46820719499374	835621351, 3401631539
2986450000836599447	89.41958620003425	811656607, 3679450121
2986450000836599447	82.77149000999634	811656607, 3679450121
3405235467603135119	98.55997019994538	903151099, 3770393981
3405235467603135119	91.1595527860045	903151099, 3770393981
3439228216266235787	89.05066189996433	810400207, 4243863941
3439228216266235787	82.23988425000425	810400207, 4243863941
3568532651155166239	100.58414150006138	917419957, 3889748227
3568532651155166239	94.11433812200266	917419957, 3889748227
3764099293525621447	104.26714739995077	947158477, 3974096611
3764099293525621447	95.75121388100524	947158477, 3974096611
4038588981386940509	108.73110229999293	982431529, 4110809621
4038588981386940509	98.56525024599978	982431529, 4110809621
4285286634688521073	110.72715409996454	1001186299, 4280209027
4285286634688521073	101.06247137299943	1001186299, 4280209027
4367754753911374867	113.36228679993656	1024741313, 4262299859
4367754753911374867	103.37353504600469	1024741313, 4262299859
4437213041324369951	115.40423009998631	1043267383, 4253188697
4437213041324369951	106.88518902600481	1043267383, 4253188697
5988143813889767843	219.3658639000496	1791419779, 3342680417
5988143813889767843	195.70512026900542	1791419779, 3342680417
6289052757661929509	203.82450190000236	1674977749, 3754708241
6289052757661929509	183.2988321649973	1674977749, 3754708241
6900210636810864083	245.5580454999581	1957906627, 3524279729
6900210636810864083	213.4669727970031	1957906627, 3524279729
6955503486388348193	212.9214904999826	1741193689, 3994675337
6955503486388348193	190.2210960789962	1741193689, 3994675337
7651619086283052497	228.53592569998	1828298321, 4185104257
7651619086283052497	200.5190343409995	1828298321, 4185104257
7652829071810357759	258.67878099996597	2064690959, 3706525201
7652829071810357759	230.46108271100093	2064690959, 3706525201
8059478002125820601	264.2957012000261	2078378077, 3877772813
8059478002125820601	231.05593009499717	2078378077, 3877772813
8082007266059964221	242.3342849999899	1951941743, 4140496147
8082007266059964221	213.72389263399964	1951941743, 4140496147
8157139149666607579	258.4417666000081	2076613333, 3928097263
8157139149666607579	230.4274338940013	2076613333, 3928097263
8190286259813136709	242.55058349994943	1946685791, 4207297499
8190286259813136709	215.72174439099763	1946685791, 4207297499
10669689452813963941	197.44039600004908	1634556311, 6527575331
10669689452813963941	173.27305716900446	1634556311, 6527575331
10943352928411242233	198.10421350004617	1641610991, 6666227863
10943352928411242233	174.3088006820035	1641610991, 6666227863
12278648656827973031	226.6317965000635	1841060633, 6669334207
12278648656827973031	199.2318004350018	1841060633, 6669334207
12373120006074182191	220.25184249994345	1801076749, 6869846059
12373120006074182191	193.82011278999562	1801076749, 6869846059
12962350771996674871	212.72606130002532	1744502341, 7430400331
12962350771996674871	186.31890289500006	1744502341, 7430400331
14104163427875373089	252.4444713999983	2025526259, 6963209371
14104163427875373089	220.56599090799864	2025526259, 6963209371
14252328514618459157	233.5540055000456	1890247717, 7539926321
14252328514618459157	204.54726497900265	1890247717, 7539926321
15030594061512867121	253.41787190001924	2031169573, 7399970077
15030594061512867121	222.73963860000367	2031169573, 7399970077
16232898527204424859	254.73680229997262	2039343517, 7959864727
16232898527204424859	221.94286848100455	2039343517, 7959864727
17934210767414106601	261.0127585999435	2095639459, 8557870339
17934210767414106601	229.27624811299756	2095639459, 8557870339
23784905863940712773	493.38134279998485	3653202307, 6510700439
23784905863940712773	494.8541251509887	3653202307, 6510700439
24368393932654887119	431.46862260007765	3225390647, 7555175977
24368393932654887119	435.6910475440018	3225390647, 7555175977
25395801483918556811	519.1931438999018	3674582867, 6911206633
25395801483918556811	497.24135884299903	3674582867, 6911206633
26585139185997096343	444.28548669989686	3256271597, 8164288019
26585139185997096343	439.34989608000615	3256271597, 8164288019
26867470317464158537	471.15446440002415	3402506227, 7896376531
26867470317464158537	459.8838294320012	3402506227, 7896376531
27855469327747015849	566.9991192000452	4107266153, 6781997633
27855469327747015849	556.8583764720024	4107266153, 6781997633
27978388956348770117	536.1623324000975	3903184147, 7168093511
27978388956348770117	527.3532281029984	3903184147, 7168093511
30890560054483821893	594.1866814000532	4268118853, 7237511681
30890560054483821893	584.962021622996	4268118853, 7237511681
31230671614981209907	521.5947177000344	3768468677, 8287363991
31230671614981209907	513.074213752996	3768468677, 8287363991
31301589304310856547	552.0463541999925	4013960471, 7798180757
31301589304310856547	545.8608796760018	4013960471, 7798180757
793742536427646932249	1956.669764899998	13739698937, 57770009377
