203	2.4795532227e-05	960	224	7, 29
217	3.814697266e-06	960	224	7, 31
49403	1.3828277588e-05	960	224	127, 389
44833	1.0013580322e-05	960	224	107, 419
56387	7.152557373e-06	960	224	113, 499
47167	1.3113021851e-05	960	224	101, 467
51641	7.152557373e-06	960	224	113, 457
54737	1.2159347534e-05	960	224	127, 431
46561	1.2636184692e-05	960	224	101, 461
50467	2.0742416382e-05	960	224	109, 463
46331	9.298324585e-06	960	224	107, 433
55753	1.1682510376e-05	960	224	127, 439
56839	7.390975952e-06	960	224	113, 503
64643	1.1920928955e-05	960	224	127, 509
53213	1.1682510376e-05	960	224	127, 419
60833	1.1444091797e-05	960	224	127, 479
43531	1.2636184692e-05	960	224	101, 431
46763	1.9788742065e-05	960	224	101, 463
46217	7.390975952e-06	960	224	113, 409
61849	1.1444091797e-05	960	224	127, 487
51253	9.536743164e-06	960	224	107, 479
44581	2.2649765015e-05	960	224	109, 409
49187	1.2159347534e-05	960	224	101, 487
50419	3.2424926758e-05	960	224	127, 397
50927	1.4066696167e-05	960	224	127, 401
50803	1.2636184692e-05	960	224	101, 503
44329	5.960464478e-06	960	224	97, 457
41309	1.3589859009e-05	960	224	101, 409
39673	5.722045898e-06	960	224	97, 409
42479	1.049041748e-05	960	224	107, 397
44743	1.3113021851e-05	960	224	101, 443
59309	1.1920928955e-05	960	224	127, 467
57023	1.1682510376e-05	960	224	127, 449
47627	5.722045898e-06	960	224	97, 491
46979	2.6226043701e-05	960	224	109, 431
54391	2.1457672119e-05	960	224	109, 499
48791	5.960464478e-06	960	224	97, 503
52109	9.536743164e-06	960	224	107, 487
56261	1.2159347534e-05	960	224	127, 443
63373	1.1920928955e-05	960	224	127, 499
50737	7.390975952e-06	960	224	113, 449
48703	6.914138794e-06	960	224	113, 431
47347	7.629394531e-06	960	224	113, 419
55483	6.914138794e-06	960	224	113, 491
43957	6.914138794e-06	960	224	113, 389
62357	1.1682510376e-05	960	224	127, 491
50249	2.0503997803e-05	960	224	109, 461
43157	1.5497207642e-05	960	224	419, 103
54991	1.1682510376e-05	960	224	127, 433
41303	1.8835067749e-05	960	224	103, 401
46157	1.2397766113e-05	960	224	101, 457
41807	7.390975952e-06	960	224	97, 431
53393	9.059906006e-06	960	224	107, 499
49541	1.072883606e-05	960	224	107, 463
51943	1.3113021851e-05	960	224	127, 409
46247	2.0742416382e-05	960	224	103, 449
38509	5.483627319e-06	960	224	97, 397
54127	7.390975952e-06	960	224	113, 479
48403	7.390975952e-06	960	224	97, 499
47401	9.298324585e-06	960	224	107, 443
3302891093	8.7022781372e-05	960	256	26417, 125029
2961085739	0.000397443771362	960	256	111031, 26669
3870236791	0.000365018844604	960	256	31079, 124529
3160915273	0.000105381011963	960	256	31247, 101159
3450908651	0.000197649002075	960	256	26987, 127873
3300947743	0.000605583190918	960	256	25423, 129841
2511198461	0.000426530838013	960	256	100823, 24907
3480945463	0.00036358833313	960	256	32183, 108161
3637756867	0.000251054763794	960	256	31063, 117109
3761758103	0.000389575958252	960	256	30949, 121547
3198528493	0.000301361083984	960	256	29567, 108179
3698992049	0.000868320465088	960	256	32009, 115561
2980360717	0.000366926193237	960	256	24659, 120863
3446464531	0.000405550003052	960	256	30341, 113591
3190907009	8.4638595581e-05	960	256	25609, 124601
3834202949	0.000283241271973	960	256	118717, 32297
4061150879	0.000354528427124	960	256	31189, 130211
3833944573	0.000436305999756	960	256	32297, 118709
2798185763	0.00050687789917	960	256	25819, 108377
2838210209	0.000466585159302	960	256	28027, 101267
2790340699	0.000144481658936	960	256	27427, 101737
2682580051	0.000153541564941	960	256	103811, 25841
3736729207	0.000239133834839	960	256	28817, 129671
3214875809	7.438659668e-05	960	256	29347, 109547
2695564583	0.000435590744019	960	256	25409, 106087
3260506159	0.000200748443604	960	256	120997, 26947
3875733839	9.2744827271e-05	960	256	127529, 30391
3536361391	0.000220060348511	960	256	32381, 109211
3655183673	0.000312328338623	960	256	30293, 120661
3233485741	0.000168085098267	960	256	26489, 122069
3682234883	0.000316858291626	960	256	30241, 121763
3583655659	0.000257015228271	960	256	28703, 124853
3986031359	0.000361680984497	960	256	30509, 130651
3524133901	0.00014853477478	960	256	32173, 109537
3109043761	0.000182151794434	960	256	31069, 100069
4264702847	0.000110387802124	960	256	32609, 130783
3532392323	0.000131368637085	960	256	32141, 109903
3437671973	0.000347137451172	960	256	130279, 26387
3479882369	0.000346660614014	960	256	130279, 26711
2693354269	0.000272750854492	960	256	99529, 27061
3703382443	0.000139474868774	960	256	32141, 115223
2970352969	0.000394105911255	960	256	26891, 110459
3331142849	9.8466873169e-05	960	256	31873, 104513
3016418039	0.00030255317688	960	256	27271, 110609
2825298121	0.000352621078491	960	256	102929, 27449
3188798507	0.000366449356079	960	256	105509, 30223
3226636529	0.000291585922241	960	256	113021, 28549
3264337751	0.000443935394287	960	256	26591, 122761
3569043241	0.000141859054565	960	256	30307, 117763
3180307463	0.000153303146362	960	256	25439, 125017
2567091563	0.000245094299316	960	256	24671, 104053
3514047857	0.000142812728882	960	256	113749, 30893
3895286117	0.000202655792236	960	256	32611, 119447
3586972951	0.000247955322266	960	256	112589, 31859
2991187327	0.000154256820679	960	256	25969, 115183
3315538909	0.000373125076294	960	256	30427, 108967
3013495853	0.0001220703125	960	256	29101, 103553
3170756791	0.000140190124512	960	256	30689, 103319
3331464623	0.000218391418457	960	256	28751, 115873
3572926103	0.000238180160522	960	256	124679, 28657
3210252827	0.000154972076416	960	256	31699, 101273
3321296933	0.000236511230469	960	256	25867, 128399
4012608241	0.000112295150757	960	256	31387, 127843
2906411489	0.000231266021729	960	256	29531, 98419
3845396741	0.00017523765564	960	256	32687, 117643
3527950729	0.000238180160522	960	256	27647, 127607
3329453359	4.3153762817e-05	960	256	29501, 112859
3326297269	0.000281572341919	960	256	27449, 121181
3280246969	0.000232219696045	960	256	26171, 125339
3806005381	0.000339269638062	960	256	30341, 125441
3778908751	0.000261545181274	960	256	30203, 125117
2722393901	0.000169992446899	960	256	105761, 25741
3758834689	0.000348567962646	960	256	30269, 124181
2556117901	0.0003342628479	960	256	100591, 25411
3207655037	0.000810623168945	960	256	27059, 118543
3283520293	0.00036358833313	960	256	25117, 130729
3283427087	0.000313758850098	960	256	28081, 116927
3001882393	0.000328063964844	960	256	29327, 102359
3208267229	8.2015991211e-05	960	256	29027, 110527
2653656419	0.000299692153931	960	256	26203, 101273
3144837919	0.000218391418457	960	256	99871, 31489
3602688077	0.000289678573608	960	256	30803, 116959
4031464739	0.000218152999878	960	256	31249, 129011
3650398607	0.000256061553955	960	256	28901, 126307
3733419881	8.9883804321e-05	960	256	30181, 123701
3877637977	0.000327587127686	960	256	123661, 31357
3450203663	0.000118255615234	960	256	31817, 108439
2859112297	0.000275611877441	960	256	108271, 26407
2828827621	0.000396966934204	960	256	109819, 25759
2748625751	0.000239610671997	960	256	25343, 108457
3565864469	0.000239610671997	960	256	30809, 115741
3343356287	9.3936920166e-05	960	256	111919, 29873
3193135663	0.000475883483887	960	256	31963, 99901
3295382053	0.000313520431519	960	256	32327, 101939
3210801463	9.6797943115e-05	960	256	128273, 25031
3797921707	0.000468254089355	960	256	29027, 130841
3210517823	0.000142097473145	960	256	110051, 29173
4042538767	0.000344038009644	960	256	31079, 130073
3052361281	0.000457048416138	960	256	104723, 29147
3431089121	0.000292778015137	960	256	120233, 28537
237017682405857	0.005018472671509	960	256	32198839, 7361063
189149928329419	0.000442504882812	960	256	7497067, 25229857
213012057115723	0.002501487731934	960	256	6450779, 33021137
191697998426041	0.001205682754517	960	256	6916517, 27715973
232470763232989	0.004147052764893	960	256	7819111, 29731099
204041420366083	0.004168272018433	960	256	7251169, 28139107
221641946165831	0.005358695983887	960	256	32599241, 6798991
194124016668979	0.004174470901489	960	256	7371773, 26333423
205476280584833	0.001644611358643	960	256	6375133, 32230901
199406981452241	0.005516767501831	960	256	29504477, 6758533
214127039693261	0.00208592414856	960	256	8119633, 26371517
214187541761621	2.7894973755e-05	960	256	7838137, 27326333
238108839983359	0.002222776412964	960	256	7531283, 31615973
245254707957989	0.002885103225708	960	256	7321709, 33496921
218672001907123	0.006906747817993	960	256	7549963, 28963321
167374010958731	0.00566840171814	960	256	6535709, 25609159
192453421135253	0.00622820854187	960	256	6696779, 28738207
269377869966679	0.001884937286377	960	256	8076191, 33354569
187717562592839	0.003264665603638	960	256	7195997, 26086387
202854137927459	0.001875638961792	960	256	7071341, 28686799
174078963991019	0.002898454666138	960	256	6546131, 26592649
183078329468641	0.005920171737671	960	256	28621807, 6396463
227815730081993	0.006797075271606	960	256	8144111, 27973063
194796168735743	0.00426197052002	960	256	7179943, 27130601
220095124706827	0.007728099822998	960	256	7916861, 27800807
232201583708383	0.00363302230835	960	256	7157987, 32439509
200269326396091	0.002262830734253	960	256	29534411, 6780881
210085419319313	0.003058910369873	960	256	6513019, 32256227
224699430128839	0.004666328430176	960	256	27846877, 8069107
201820318803847	0.001078367233276	960	256	28590007, 7059121
201580914691297	0.002995252609253	960	256	7539431, 26736887
260086265630189	0.001219749450684	960	256	8068903, 32233163
261065730720713	0.002077579498291	960	256	7815659, 33402907
200399041428323	0.001726627349854	960	256	7884329, 25417387
245897892111581	0.004940509796143	960	256	8358473, 29418997
175975440364487	0.00329852104187	960	256	6576529, 26758103
169600901958847	0.003943920135498	960	256	25776259, 6579733
175899268484981	0.005231380462646	960	256	6536527, 26910203
218814081956471	0.003378391265869	960	256	7470007, 29292353
221722916876701	0.00197434425354	960	256	6864653, 32299217
202231666894393	0.001830816268921	960	256	7995413, 25293461
211072099747463	0.009326457977295	960	256	6890503, 30632321
175312342322993	0.001469612121582	960	256	6846811, 25604963
202005264645797	0.001224994659424	960	256	6949927, 29065811
190356020342539	0.004348993301392	960	256	6414581, 29675519
190287976024877	0.001333951950073	960	256	7396273, 25727549
200383439138809	0.00343656539917	960	256	6515497, 30754897
195886699755781	0.003444671630859	960	256	7112711, 27540371
181228041944953	0.004473447799683	960	256	7025509, 25795717
222322896252299	0.002273082733154	960	256	6637049, 33497251
232937223564271	0.002277374267578	960	256	28684169, 8120759
220104499167031	0.00503396987915	960	256	8230889, 26741279
194974465113371	0.004128217697144	960	256	6792083, 28706137
244855461187703	0.003705263137817	960	256	29787403, 8220101
224558544341317	0.005228042602539	960	256	7902701, 28415417
176138466788027	0.004118919372559	960	256	6727781, 26180767
263128789734341	0.007769823074341	960	256	8089967, 32525323
213417738428981	0.003214359283447	960	256	7545169, 28285349
229537896912347	0.003076076507568	960	256	8091521, 28367707
193332820177141	0.002114295959473	960	256	7085339, 27286319
245784470294809	0.002073287963867	960	256	7598543, 32346263
231471176376799	0.002662420272827	960	256	7151093, 32368643
225319475521039	0.002077102661133	960	256	8261819, 27272381
217895319680833	0.001729965209961	960	256	7989767, 27271799
224333402690933	0.002755641937256	960	256	7453063, 30099491
220976403657013	0.002403497695923	960	256	6931339, 31880767
206180061962969	0.006378650665283	960	256	7049501, 29247469
180091293817153	0.004275560379028	960	256	28073113, 6415081
222357093495419	0.00447416305542	960	256	6698009, 33197491
212842697858863	0.004066944122314	960	256	6529261, 32598283
165427057167347	0.006407737731934	960	256	25728617, 6429691
200338937331971	0.001570224761963	960	256	6900499, 29032529
196653883670989	0.004177093505859	960	256	6540181, 30068569
207218429354329	0.002346992492676	960	256	7796401, 26578729
239558598217579	0.006415128707886	960	256	7899751, 30324829
183002367173699	0.002062082290649	960	256	26407127, 6930037
232134941410991	0.002135992050171	960	256	8075563, 28745357
179110464301189	0.005671501159668	960	256	6434567, 27835667
233838834646999	0.003862142562866	960	256	7307731, 31998829
207492608461097	0.005367755889893	960	256	29158999, 7115903
259016887089733	0.009153604507446	960	256	7990349, 32416217
168147715043599	0.00434422492981	960	256	6540539, 25708541
194261418431167	0.00225830078125	960	256	30452837, 6379091
237661434007183	0.00133204460144	960	256	7189907, 33054869
239487764076833	0.007729053497314	960	256	8153347, 29372939
177999521316103	0.001677274703979	960	256	6569971, 27092893
200240971656137	0.003305435180664	960	256	6392879, 31322503
201022907250019	0.002337694168091	960	256	7626221, 26359439
194533927628321	0.004753351211548	960	256	7316453, 26588557
192217104060973	0.00770902633667	960	256	7488101, 25669673
184208523265849	0.002220630645752	960	256	25561643, 7206443
191250615888991	0.002580404281616	960	256	25631153, 7461647
226671069839077	0.004026889801025	960	256	33339781, 6798817
212067551268407	0.003580331802368	960	256	6966007, 30443201
212321258644483	0.002568006515503	960	256	7071509, 30024887
210149725338263	0.002963781356812	960	256	7072589, 29713267
171535515317473	0.003305912017822	960	256	25520699, 6721427
208974686048759	0.001741170883179	960	256	7705993, 27118463
254244506560799	0.002423763275146	960	256	8132329, 31263431
221819003287559	0.002220392227173	960	256	6739147, 32914997
69127260758319389	0.004899740219116	960	256	131541737, 525515797
52157861953906679	0.006831645965576	960	256	122589821, 425466499
65420543853886769	0.016644477844238	960	256	126407293, 517537733
48194952411453503	0.019783496856689	960	256	108840343, 442804121
58762398206302919	0.008232593536377	960	256	131180521, 447950639
51221997736904009	0.02975606918335	960	256	473818517, 108104677
53346970234579999	0.013525009155273	960	256	107573201, 495913199
57400783127281381	0.014338254928589	960	256	500418791, 114705491
49047635516900287	0.008367776870728	960	256	114904103, 426857129
57060919049812807	0.019277572631836	960	256	450391043, 126691949
59589391964566097	0.010292768478394	960	256	120070417, 496287041
52612965785243917	0.026921272277832	960	256	110262281, 477161957
54720617155760177	0.009859323501587	960	256	125819087, 434915071
45219717377917741	0.009088516235352	960	256	109893137, 411488093
49579561003129709	0.013348817825317	960	256	104523863, 474337243
57126632987208517	0.006622076034546	960	256	475830013, 120056809
54737897799540029	0.010838508605957	960	256	514665941, 106356169
48535953125301437	0.012781620025635	960	256	117953093, 411485209
52409773850736997	0.006372690200806	960	256	105865313, 495060869
56823127244525687	0.01844310760498	960	256	131981177, 430539631
50731891199164757	0.002908229827881	960	256	428835581, 118301497
55049964265185079	0.004052400588989	960	256	122109991, 450822769
43654760990264041	0.016021728515625	960	256	101643943, 429487087
53666231051352427	0.007730722427368	960	256	107049281, 501322667
49818841489852399	0.020614624023438	960	256	461468563, 107957173
58644864756078067	0.02409291267395	960	256	448711223, 130696229
56512353196645139	0.015800714492798	960	256	115006999, 491381861
55270272530672119	0.006935358047485	960	256	433522993, 127490983
49878967073979961	0.011992454528809	960	256	422617409, 118023929
57679140721231717	0.025852680206299	960	256	466124987, 123741791
49849913541324179	0.013076543807983	960	256	117999263, 422459533
54368125574869987	0.015336036682129	960	256	110275421, 493021247
56205406858804417	0.02128267288208	960	256	118409887, 474668191
44752985231109509	0.01910662651062	960	256	108888163, 410999543
54365649180739987	0.016887903213501	960	256	109550003, 496263329
47997418704389377	0.012325763702393	960	256	118465733, 405158669
57211857357982403	0.012339115142822	960	256	117028313, 488871931
52122564663617561	0.017362833023071	960	256	117635381, 443085781
58033504431242003	0.007555246353149	960	256	115182421, 503839943
54575344067915861	0.026032447814941	960	256	127912067, 426662983
46218460160078827	0.010334014892578	960	256	112303691, 411548897
60466062667396459	0.019424438476562	960	256	131100383, 461219573
49587228993894073	0.014841318130493	960	256	102146179, 485453587
44393896259459861	0.000767946243286	960	256	108954743, 407452627
55884177299041577	0.018413543701172	960	256	435676141, 128269997
47245626000499447	0.001903533935547	960	256	116534783, 405420809
60276121155581711	0.034600973129272	960	256	125660911, 479672801
52462142672953463	0.009714841842651	960	256	118750459, 441784757
61635509478359381	0.009993553161621	960	256	117072979, 526470839
66850791140932951	0.006682395935059	960	256	133199951, 501883001
59485786505338049	0.007150173187256	960	256	111454657, 533721857
44351156514356959	0.009464979171753	960	256	104455529, 424593671
68458159640006473	0.004848003387451	960	256	131769719, 519528767
47990399361268853	0.016641855239868	960	256	414898261, 115667873
53132599354482107	0.009434700012207	960	256	122856667, 432476321
61107423046715681	0.032095193862915	960	256	121322947, 503675723
57454720930918609	0.01346492767334	960	256	437749591, 131250199
59032057237719707	0.032056331634521	960	256	133265309, 442966423
54135331349170193	0.0140061378479	960	256	101955449, 530970457
54169816961780321	0.029844999313354	960	256	110501047, 490219943
63234658361808347	0.020278930664062	960	256	523679743, 120750629
58253794413846751	0.005652189254761	960	256	113761829, 512068019
52077951490455883	0.013780832290649	960	256	484235911, 107546653
45709724695975807	0.008417844772339	960	256	425931431, 107317097
70107998322453649	0.012399911880493	960	256	130677221, 536497469
43312741313788657	0.010627508163452	960	256	405513611, 106809587
47868925581289667	0.01008939743042	960	256	114106273, 419511779
61289484727121867	0.013429880142212	960	256	125075539, 490019753
55027446284112391	0.020055770874023	960	256	126132407, 436267313
56644820513688787	0.002739667892456	960	256	126848039, 446556533
62330623631386567	0.007107973098755	960	256	485333083, 128428549
55191530783610449	0.015128135681152	960	256	121435807, 454491407
47832870754484143	0.014977216720581	960	256	107267429, 445921667
63458493226445347	0.02272891998291	960	256	127245179, 498710393
55708384455127891	0.006403923034668	960	256	127757611, 436047481
54312471063099329	0.01885461807251	960	256	121999903, 445184543
54878801740740077	0.016141414642334	960	256	103876429, 528308513
52280399749722269	0.004955291748047	960	256	106113419, 492684151
60395139185786543	0.015097618103027	960	256	115777421, 521648683
54737902304033527	0.017778635025024	960	256	516902879, 105895913
44965754846167741	0.010393381118774	960	256	102921737, 436892693
46520041795225717	0.011991262435913	960	256	102864563, 452245559
59354613573478771	0.005935668945312	960	256	124151801, 478080971
48577151195486587	0.009850263595581	960	256	108472697, 447828371
53049221185335013	0.011614799499512	960	256	102165653, 519247121
49770515442146143	0.009514093399048	960	256	112887421, 440886283
47901232368829781	0.011964559555054	960	256	101397997, 472408073
64619681360146933	0.003736972808838	960	256	124002101, 521117633
47472165379600217	0.021900415420532	960	256	114448099, 414792083
61410830567287109	0.009323596954346	960	256	122715331, 500433239
60984792930393329	0.011948823928833	960	256	121586887, 501573767
67797333620129567	0.011802196502686	960	256	131233211, 516617197
67144576209979211	0.008666753768921	960	256	527227271, 127354141
53367329832535463	0.021352767944336	960	256	114428021, 466383403
43638824069416157	0.017756938934326	960	256	106731127, 408866891
58916640392963767	0.007234334945679	960	256	125031733, 471213499
59119254727362623	0.01495361328125	960	256	510580297, 115788359
61397521863776687	0.004350900650024	960	256	125784641, 488116207
45981896870421917	0.017151594161987	960	256	108329411, 424463647
53764694497943383	0.028179883956909	960	256	510970217, 105220799
224545354531445323	0.031200408935547	960	256	262471067, 855505169
204316198471060133	0.053623914718628	960	256	228080947, 895805639
234468183046453483	0.014381170272827	960	256	265136491, 884330113
240683070561515161	0.041207075119019	960	256	242952929, 990657209
191493975046720261	0.013742446899414	960	256	231183377, 828320693
206244040921336303	0.007051467895508	960	256	246644831, 836198513
204391467864960751	0.005082607269287	960	256	233205481, 876443671
224988724341113783	0.025447845458984	960	256	262024157, 858656419
167451863641805221	0.021784067153931	960	256	205387711, 815296411
280546535447837251	0.025743722915649	960	256	262887943, 1067171557
193115615219770343	0.029995203018188	960	256	234532271, 823407433
207034193547046457	0.031946420669556	960	256	877558373, 235920709
222391397488600289	0.017899990081787	960	256	837572137, 265519097
210947516079057739	0.037079334259033	960	256	219599819, 960599681
207628634371199669	0.033151388168335	960	256	248762791, 834645059
211481002622879681	0.019375085830688	960	256	1039420303, 203460527
202226620926896743	0.025856733322144	960	256	217157903, 931242281
183769070025549577	0.015292882919312	960	256	224476009, 818657953
224921160137751281	0.033003091812134	960	256	1005533981, 223683301
207034823429270929	0.001238346099854	960	256	243536017, 850119937
219489205826545847	0.015548944473267	960	256	233177437, 941296931
264536512007594839	0.030186653137207	960	256	256887703, 1029774913
235188147423343073	0.023746967315674	960	256	241369811, 974389243
224886091170848273	0.029509305953979	960	256	211915993, 1061203961
247257659818488107	0.008513450622559	960	256	244051417, 1013137571
242319375482704067	0.010542631149292	960	256	244644217, 990497051
258824760455035459	0.014673948287964	960	256	1016416619, 254644361
227137149992236283	0.003774166107178	960	256	225202721, 1008589723
234099665046949693	0.013982772827148	960	256	226275019, 1034580247
201755337279947147	0.021121025085449	960	256	243425461, 828817727
205228484906294623	0.030808925628662	960	256	215527231, 952216033
197845299410758903	0.014224767684937	960	256	806805673, 245220511
229107525158240371	0.025918960571289	960	256	930571289, 246200939
212708898192059629	0.024941682815552	960	256	257397263, 826383683
190175337041001877	0.01502537727356	960	256	216937943, 876634739
184023554539965223	0.028057336807251	960	256	808350869, 227653067
262124287667165311	0.007266283035278	960	256	1052670691, 249008821
218732544318418159	0.031192541122437	960	256	980816467, 223010677
264985982446299151	0.041275024414062	960	256	267011713, 992413327
236555371002331859	0.006624221801758	960	256	225889627, 1047216617
238536416586054233	0.038073301315308	960	256	267968387, 890166259
197782310487326113	0.02386999130249	960	256	886874237, 223010549
239141694029317861	0.020269393920898	960	256	251678633, 950186717
210156652758716479	0.013635158538818	960	256	234724871, 895331849
230489955721002331	0.009231805801392	960	256	221512001, 1040530331
232567501488841763	0.008950233459473	960	256	266121169, 873915827
208403793030163537	0.02023720741272	960	256	924692497, 225376321
242791202120391329	0.022270202636719	960	256	267509657, 907597897
186598910253745723	0.02082633972168	960	256	207783209, 898046147
253644012482895569	0.021844387054443	960	256	260861749, 972331181
199917048101438947	0.017154455184937	960	256	203400437, 982874231
174020174044522847	0.011265277862549	960	256	836672849, 207990703
181929594069207113	0.027370691299438	960	256	221883667, 819932339
173786068378460221	0.022641181945801	960	256	211600639, 821292739
198363410399481997	0.022858858108521	960	256	203104493, 976656929
224519523437307961	0.038549423217773	960	256	245329687, 915174703
212751163128342749	0.042027711868286	960	256	934664239, 227623091
213590922179011691	0.021220445632935	960	256	851452087, 250854893
222137659117773121	0.006162166595459	960	256	216877751, 1024252871
237363420452973251	0.041848182678223	960	256	221705111, 1070626741
214851231857668717	0.018395185470581	960	256	924389681, 232424957
164170432726347997	0.037874937057495	960	256	203465629, 806870593
212865369793722103	0.03619647026062	960	256	241060727, 883036289
227637120970743277	0.025386333465576	960	256	260365351, 874298827
225176194368877693	0.016247987747192	960	256	257243989, 875340937
250705372163314063	0.029102563858032	960	256	983106233, 255013511
248227363975565083	0.019196271896362	960	256	258348137, 960825059
216557245697668657	0.009883642196655	960	256	267344321, 810031217
229597267135820929	0.020482540130615	960	256	262584689, 874374161
234887941184369153	0.023140907287598	960	256	226430311, 1037352023
237802490808820963	0.009137153625488	960	256	265885673, 894378731
182182942531859561	0.011224508285522	960	256	222326593, 819438377
206019309512389697	0.005363702774048	960	256	240718039, 855853223
223894405514959967	0.028051614761353	960	256	252014869, 888417443
229267657890910439	0.024402379989624	960	256	218184203, 1050798613
219372563976084473	0.017611265182495	960	256	937364083, 234031331
239896567108148053	0.025888681411743	960	256	225892871, 1061992643
178059682915312183	0.01087212562561	960	256	205301849, 867306767
274840574113766509	0.025708913803101	960	256	1067701741, 257413249
249271952975944541	0.022851228713989	960	256	267125423, 933164467
225802361141526139	0.016048908233643	960	256	244781839, 922463701
237286174783134749	0.0315842628479	960	256	233321701, 1016991449
209229587228774687	0.006050825119019	960	256	819010363, 255466349
241209440478952493	0.023045778274536	960	256	234060311, 1030543963
235082576625943051	0.011279344558716	960	256	267266323, 879581737
255542162460432193	0.016185760498047	960	256	243505013, 1049432861
259129199688809011	0.028038501739502	960	256	261893293, 989445727
263532208243772707	0.015969514846802	960	256	253423979, 1039886633
229763645657325587	0.025690793991089	960	256	890433517, 258035711
233843701036824209	0.029346704483032	960	256	232099271, 1007515879
211145207877684589	0.028192758560181	960	256	219533591, 961789979
227988392831823419	0.031023502349854	960	256	220525111, 1033843229
169597816918628687	0.013401985168457	960	256	206750021, 820303747
212511938217627577	0.037157535552979	960	256	251321663, 845577479
206696965164302707	0.010430812835693	960	256	232711007, 888213101
195653980632830417	0.00245189666748	960	256	923139587, 211944091
190406429158796531	0.017007350921631	960	256	833622917, 228408343
211461346897955353	0.026535511016846	960	256	211323467, 1000652459
216772292281590709	0.00637149810791	960	256	239452051, 905284759
462592462849974491	0.014119863510132	960	256	474824341, 974239151
448094676277840091	0.036812305450439	960	256	475016351, 943324741
474489952847956247	0.026611804962158	960	256	482448397, 983504051
487907242769081827	0.02205753326416	960	256	524327161, 930539707
509509513801044091	0.013006210327148	960	256	1071120179, 475679129
503146801361289577	0.046196699142456	960	256	516845683, 973495219
397689912115271453	0.027001619338989	960	256	452847937, 878197469
444683681427879191	0.028542995452881	960	256	944153387, 470986693
411370352160994649	0.045899629592896	960	256	873809191, 470778239
348270870673289929	0.037473201751709	960	256	855231413, 407224133
440092424128875737	0.054433584213257	960	256	520090561, 846184217
416586075936521839	0.022542715072632	960	256	516528371, 806511509
391613600692603153	0.022852182388306	960	256	403418201, 970738553
432703146542249579	0.006293535232544	960	256	1019080471, 424601549
492156491058458777	0.024575233459473	960	256	1012676339, 485995843
489243380498649409	0.006923198699951	960	256	958129643, 510623363
435612492913276291	0.004468441009521	960	256	527880179, 825210929
443928741083704907	0.032385110855103	960	256	501166109, 885791623
352247900539533703	0.016352653503418	960	256	851335963, 413758981
540541756589497207	0.015377998352051	960	256	1027729177, 525957391
388835354814526181	0.031969308853149	960	256	468516667, 829928543
397417623893830367	0.014317512512207	960	256	483989263, 821129009
445179007794665077	0.004941940307617	960	256	836093207, 532451411
480053965874191729	0.011274814605713	960	256	895712911, 535946239
399742632691800487	0.018590211868286	960	256	845187943, 472963009
408172619151222203	0.032781362533569	960	256	853672811, 478137073
534887067193484969	0.017902374267578	960	256	1018003073, 525427753
508407021437282633	0.040967464447021	960	256	507622537, 1001545409
403305788559602497	0.042804956436157	960	256	826663909, 487871533
478050930751314601	0.021243095397949	960	256	1012329653, 472228517
454522430823710413	0.014385223388672	960	256	478667639, 949557467
469053354980586863	0.031709671020508	960	256	1056698387, 443885749
443458345554579961	0.008113861083984	960	256	517611587, 856739603
427964472916542493	0.033771753311157	960	256	408424193, 1047843101
390137314939780957	0.027286291122437	960	256	481641337, 810016261
432925429223712671	0.046268939971924	960	256	407608951, 1062109721
355632075556407053	0.009283781051636	960	256	855153967, 415869059
462464442554356531	0.018784761428833	960	256	445492549, 1038096919
551594937585288407	0.031193256378174	960	256	532801603, 1035272669
337850305987142467	0.056070566177368	960	256	418778329, 806752123
435386828998769507	0.028190612792969	960	256	423061183, 1029134429
464930836132605197	0.018048286437988	960	256	1008149071, 461172707
414487607904688121	0.01683521270752	960	256	513782617, 806737313
400839836852040913	0.026310443878174	960	256	884761877, 453048269
459789139346783023	0.017117023468018	960	256	954413297, 481750559
523718689570738147	0.029585838317871	960	256	518697869, 1009679663
370021547595189773	0.018543481826782	960	256	410226491, 901993303
420031754642797559	0.011109113693237	960	256	419308741, 1001724299
469724711735642263	0.037896394729614	960	256	525832183, 893297761
498319468752156179	0.009895324707031	960	256	480101911, 1037945189
471986385632968681	0.089253425598145	960	256	525485579, 898190939
429024881414174317	0.032683610916138	960	256	993125977, 431994421
405103242627644441	0.011481046676636	960	256	464169803, 872747947
368155482703054159	0.008658885955811	960	256	426397151, 863409809
475997193344402507	0.044132471084595	960	256	930712759, 511432973
452209715818001879	0.011164426803589	960	256	470492483, 961141213
464272606455025633	0.020406484603882	960	256	479758889, 967720697
444210936816034781	0.010549068450928	960	256	1029014053, 431685977
369610036826395481	0.019704580307007	960	256	437332223, 845147047
414386570963105399	0.029428243637085	960	256	488711519, 847916521
520257468580066579	0.059774875640869	960	256	527570921, 986137499
531307941071579851	0.020630836486816	960	256	520857671, 1020063581
452323967235663163	0.010379314422607	960	256	527341097, 857744579
408804038322746791	0.008410215377808	960	256	444547091, 919596701
395195174694576133	0.036267995834351	960	256	912921887, 432890459
423076696683151031	0.03405499458313	960	256	1026285763, 412240637
438223279402669577	0.007404565811157	960	256	478223279, 916357063
469624398341906081	0.018000602722168	960	256	440287487, 1066631263
430680633274802023	0.018454551696777	960	256	431401847, 998328209
378425142961125049	0.023736953735352	960	256	815569019, 464001371
433264075449560959	0.009324789047241	960	256	860255107, 503646037
448153687200431183	0.031346797943115	960	256	454001297, 987119839
462176831195208247	0.012627601623535	960	256	481991249, 958890503
399859107542168671	0.027342796325684	960	256	411542167, 971611513
398550587256765949	0.015539407730103	960	256	828598919, 480993371
501441905059815509	0.013484001159668	960	256	1024930351, 489244859
472268326478713603	0.012479543685913	960	256	1050514901, 449558903
479364204474018271	0.015129566192627	960	256	453867317, 1056176963
384850498561750579	0.042303323745728	960	256	922446113, 417206483
482685697210493641	0.015486478805542	960	256	931228679, 518332079
389758466614761583	0.011336326599121	960	256	450781847, 864627689
477123384614562863	0.021803140640259	960	256	501331183, 951712961
328501595462093017	0.010584831237793	960	256	806042561, 407548697
440487595915798139	0.019561767578125	960	256	411376817, 1070764267
336297859177465621	0.018771886825562	960	256	407566457, 825136253
541447762909287877	0.033376693725586	960	256	516092327, 1049129651
455691308497664719	0.018995761871338	960	256	1064181607, 428208217
437276991355338349	0.023756504058838	960	256	474873667, 920828047
490396744183749097	0.006871938705444	960	256	517199549, 948177053
420506173507480243	0.029467582702637	960	256	478898033, 878070371
340787691567719243	0.032460927963257	960	256	413346403, 824460281
387961104953514101	0.049858093261719	960	256	904108687, 429108923
409717054235779189	0.005074501037598	960	256	441268441, 928498429
410003650240104253	0.023138284683228	960	256	433969229, 944775857
551178678770269981	0.024394273757935	960	256	516345163, 1067461687
517710672309042119	0.032666683197021	960	256	513444917, 1008308107
477112707787674883	0.041920185089111	960	256	515895739, 924823897
425054871173214077	0.034388780593872	960	256	823227851, 516327127
432155799777276697	0.021533250808716	960	256	833087219, 518740163
412808552632733161	0.040305137634277	960	256	846406843, 487718827
782578354680063563	0.022174119949341	960	256	446006909, 1754632807
894515637393369821	0.014507293701172	960	256	477067099, 1875031079
1030918428259742251	0.02387261390686	960	256	521503721, 1976818931
942950720164049479	0.032965898513794	960	256	522165419, 1805846741
821059062929320463	0.038891553878784	960	256	417136561, 1968321983
776972256969893147	0.048616170883179	960	256	408309877, 1902898511
745984424471703881	0.029912948608398	960	256	410010157, 1819429133
874115873480481127	0.027904272079468	960	256	515550401, 1695500327
812256221730788207	0.029496192932129	960	256	1961586989, 414081163
804171015029593457	0.024296998977661	960	256	499168633, 1611020729
716961347829989461	0.041083812713623	960	256	413782799, 1732699739
771730647579110201	0.006631851196289	960	256	426939511, 1807587791
897869277058546187	0.022696495056152	960	256	1716929771, 522950497
833487915711668411	0.029337882995605	960	256	414414283, 2011243217
862883282509630771	0.049892425537109	960	256	489502457, 1762776203
841223906223690779	0.03259539604187	960	256	420934039, 1998469661
878460209301340363	0.033700466156006	960	256	475622249, 1846970387
746456278361828729	0.010527372360229	960	256	1688741099, 442019371
1042201337975129251	0.031075716018677	960	256	517777847, 2012834933
766476519311258351	0.036359310150146	960	256	411113933, 1864389547
704613891748592027	0.020789384841919	960	256	1613708771, 436642537
816151295398949689	0.039473056793213	960	256	428108413, 1906412653
884017388659405061	0.007993936538696	960	256	446591051, 1979478511
726775749167233169	0.006304502487183	960	256	421246577, 1725297697
874741905984391411	0.016678094863892	960	256	411038293, 2128127527
743673424548057907	0.002957582473755	960	256	439136989, 1693488463
834654690308019631	0.029583930969238	960	256	445802839, 1872250729
861981842140407383	0.030567407608032	960	256	416870893, 2067742931
827638914796682507	0.071696996688843	960	256	1630228967, 507682621
959608173451513699	0.032910346984863	960	256	2002695977, 479158187
900620015755936759	0.030091762542725	960	256	513188311, 1754950369
1009480895952811699	0.054559230804443	960	256	2009731181, 502296479
720877313944169881	0.017235040664673	960	256	419735941, 1717454341
703255405713866459	0.024118185043335	960	256	413727959, 1699801501
949767828469014899	0.024408102035522	960	256	501223753, 1894897883
814857920450769617	0.030263662338257	960	256	486717221, 1674191677
854005155053262419	0.027127742767334	960	256	511062943, 1671037133
959760542376680021	0.045891523361206	960	256	459549989, 2088479089
872375468987380231	0.048443555831909	960	256	432298541, 2017993091
1038418287996303233	0.041391134262085	960	256	499879097, 2077338889
817779906878417737	0.016465663909912	960	256	414200113, 1974359449
932956513827940241	0.037346839904785	960	256	490203647, 1903201903
900669188404957921	0.014834880828857	960	256	525312407, 1714540103
931072951692042301	0.030377864837646	960	256	495617729, 1878611069
851285813029663381	0.033703565597534	960	256	440791207, 1931267683
884535860394179831	0.026082277297974	960	256	464020283, 1906243957
841786405061701367	0.014923334121704	960	256	441946201, 1904725967
693810363025922213	0.046497344970703	960	256	424501807, 1634410859
885400060365046361	0.012216567993164	960	256	446866921, 1981350641
955916430948649229	0.006964683532715	960	256	1793082337, 533113517
871046094099595217	0.014755964279175	960	256	463364339, 1879829803
831433082568327439	0.050583124160767	960	256	465783631, 1785019969
797117962930652371	0.013761043548584	960	256	403293361, 1976521411
1056285018275669939	0.013749837875366	960	256	533835931, 1978669769
878561363624681929	0.013547658920288	960	256	432277357, 2032401997
806088871297705147	0.004746675491333	960	256	459743807, 1753343621
762741949179709717	0.044416189193726	960	256	448258141, 1701568537
886685349909869669	0.037424325942993	960	256	473014537, 1874541437
748431635727564253	0.01848316192627	960	256	1756657561, 426054373
693689907613351853	0.041569471359253	960	256	418432969, 1657828037
826393118999548021	0.032650232315063	960	256	415579141, 1988533681
1110577656591704401	0.019953489303589	960	256	526513829, 2109303869
944496422157500137	0.022635936737061	960	256	460950557, 2049018941
995522413008974119	0.021991491317749	960	256	519994339, 1914487021
822872545319133773	0.044808626174927	960	256	497931179, 1652582887
859116592230341321	0.009855031967163	960	256	500082929, 1717948249
896026932865828649	0.017600059509277	960	256	527264557, 1699387757
844988822828499113	0.046163558959961	960	256	443820889, 1903896017
930652147348593557	0.059973478317261	960	256	1974500677, 471335441
1136323032849914717	0.038347959518433	960	256	2143784593, 530054669
978781556606880967	0.012900352478027	960	256	495424817, 1975640951
862975521270504137	0.017649412155151	960	256	532526069, 1620531973
839898313019896567	0.038297176361084	960	256	461949877, 1818158971
825263861504315339	0.027672290802002	960	256	1745912551, 472683389
878959746068325109	0.004522800445557	960	256	504505669, 1742219761
1018367725511227877	0.077602863311768	960	256	2008972151, 506909827
934979894560538989	0.020936965942383	960	256	448510747, 2084632087
915198812980647073	0.036466836929321	960	256	2022212341, 452573053
770768171409537443	0.041333913803101	960	256	442321241, 1742552923
815104345853314669	0.014593124389648	960	256	505229887, 1613333587
783296526735023827	0.028232097625732	960	256	1610918537, 486242171
855103605544554529	0.050395250320435	960	256	429233593, 1992163753
948800970318036587	0.017871618270874	960	256	2049828923, 462868369
942944472444860089	0.062054395675659	960	256	444247541, 2122565429
1097374127499071827	0.020623922348022	960	256	530722207, 2067699661
916655858150846509	0.019391536712646	960	256	440771231, 2079663539
904653275251270553	0.041373491287231	960	256	516695651, 1750843603
812774591142077191	0.026705265045166	960	256	410737889, 1978815719
886549712399148619	0.030685424804688	960	256	1794795229, 493955911
1000938756867401291	0.04585337638855	960	256	2145048791, 466627501
1048961939564503031	0.040450811386108	960	256	536009077, 1956985403
1126662571169767321	0.064631462097168	960	256	2114294621, 532878701
846252659780989121	0.018165588378906	960	256	418588633, 2021680937
994599010092108829	0.046039819717407	960	256	1914868379, 519408551
792453723539126459	0.044203519821167	960	256	484745771, 1634782129
1108526061708220171	0.013833045959473	960	256	519171269, 2135183759
1053372876796262129	0.004702091217041	960	256	525083857, 2006104097
860861249312240389	0.013582944869995	960	256	515152151, 1671081539
1000968362033455237	0.030845880508423	960	256	490368547, 2041257271
864212690186158309	0.003961086273193	960	256	433281991, 1994573299
1478216043666744593	0.050138473510742	960	288	816048361, 1811431913
1579244755589566579	0.054534196853638	960	288	923456917, 1710144487
1899526668653402137	0.04585862159729	960	288	1020943271, 1860560447
1592972583909301733	0.037649393081665	960	288	963412643, 1653468631
1833278978282374067	0.071734666824341	960	288	872390891, 2101442137
1899333561848787929	0.037155866622925	960	288	1057397069, 1796234941
2072354090365576531	0.023778200149536	960	288	2118097613, 978403487
1775480589895894183	0.021332979202271	960	288	1072027007, 1656190169
1491345281696552533	0.091495752334595	960	288	1699480609, 877530037
1495568043909567703	0.033921480178833	960	288	851836793, 1755697871
1651141195802679941	0.034896612167358	960	288	1011559837, 1632272393
1932800384514963913	0.004182577133179	960	288	952929443, 2028272291
1867417537060459051	0.06535267829895	960	288	912725831, 2045978621
1606978231298751439	0.046496152877808	960	288	930895577, 1726271207
1769667383936976229	0.014315843582153	960	288	990477779, 1786680551
1811583519506040523	0.010893583297729	960	288	1932893647, 937239109
2030124505312506661	0.038738250732422	960	288	2137160183, 949916867
1708571449157776891	0.036200284957886	960	288	898275137, 1902058043
1985689906124578607	0.029694557189941	960	288	2131697941, 931506227
1867767035328320563	0.046366930007935	960	288	917392499, 2035951937
1700565073436846731	0.026921510696411	960	288	819567689, 2074953779
1854239660782680547	0.033265113830566	960	288	1827293681, 1014746387
1510873653719322107	0.009167194366455	960	288	851616907, 1774123601
1549175119679734163	0.010798931121826	960	288	1807114937, 857264299
1378899223496235439	0.052393674850464	960	288	829939511, 1661445449
1701991680309721861	0.060053110122681	960	288	891043949, 1910109689
2133557299465169867	0.092413902282715	960	288	1012536571, 2107140977
1785274061080722811	0.028056383132935	960	288	953679341, 1871985671
1555289559130989677	0.066044330596924	960	288	831312103, 1870885259
1701880792675166539	0.060467958450317	960	288	1884082087, 903294397
1710478292521455857	0.04637885093689	960	288	814489783, 2100061079
1562117259092912729	0.044461965560913	960	288	1676602777, 931715777
1552046999057170391	0.041174411773682	960	288	844785397, 1837208603
1519569593834226239	0.018873453140259	960	288	1851944777, 820526407
1769689294378197589	0.04139256477356	960	288	824393303, 2146656563
1783402280631877793	0.030497789382935	960	288	997921663, 1787116511
1817880545213866157	0.071605205535889	960	288	979805791, 1855347827
1589153155786699231	0.08330774307251	960	288	1644576041, 966299591
1891847917327859221	0.04097318649292	960	288	1915712521, 987542701
1395691944195741779	0.045800685882568	960	288	845892527, 1649963677
1859346720454133321	0.072794675827026	960	288	965708789, 1925369989
1720616436307789249	0.028080940246582	960	288	2036669519, 844818671
2103589283985538907	0.033630132675171	960	288	1053685289, 1996411363
1389593192431625261	0.019603252410889	960	288	1667154187, 833512103
1851930862188742961	0.007709503173828	960	288	1026930889, 1803364649
1952628188493403957	0.032382488250732	960	288	1863892439, 1047607763
2049465006971079377	0.076673746109009	960	288	1015871099, 2017445923
2079273476438830571	0.023331880569458	960	288	1070825891, 1941747481
1938490604611998163	0.037809610366821	960	288	1039620629, 1864613447
2088050385281681287	0.020464897155762	960	288	2015315059, 1036091293
1539672544791306857	0.034326076507568	960	288	1907740319, 807066103
1621909550177829713	0.01849627494812	960	288	871859111, 1860288583
1704315860887842127	0.044428586959839	960	288	1886625253, 903367459
1958949168309465359	0.05238938331604	960	288	944085773, 2074969483
1816097008248358907	0.037837028503418	960	288	896992171, 2024652017
1371205187297516941	0.03231954574585	960	288	822895949, 1666316609
2062874816318573419	0.029017210006714	960	288	1020444407, 2021545517
1527323316477621389	0.020422697067261	960	288	1686449599, 905644211
1440762368954598247	0.015264987945557	960	288	852340829, 1690359443
1840978575746492081	0.070768356323242	960	288	1023894901, 1798015181
1599806154663731177	0.028432130813599	960	288	885633379, 1806397763
1614802028525074549	0.027332544326782	960	288	822939437, 1962236777
1873954976630391107	0.078961372375488	960	288	893764019, 2096699953
2235058392624855353	0.068891763687134	960	288	1069740509, 2089346317
1772146474214764447	0.062056303024292	960	288	911039881, 1945190887
2069846583480343669	0.001531600952148	960	288	1057709827, 1956913447
1898915138635145249	0.021744012832642	960	288	1896315493, 1001370893
2171166918889042231	0.050306797027588	960	288	1012241921, 2144909111
1785521113462245977	0.041780233383179	960	288	858959677, 2078701901
1873902531754684559	0.095335006713867	960	288	1918438787, 976785157
1559801847985838887	0.046186923980713	960	288	832174697, 1874368271
2270599346392681201	0.067034721374512	960	288	1065342539, 2131332659
2046086938562140547	0.011136770248413	960	288	1007069677, 2031723311
1853743546869614363	0.034697294235229	960	288	896184173, 2068485031
2060487909592068643	0.039953470230103	960	288	1014954991, 2030127373
2003600880263940371	0.04989767074585	960	288	977622869, 2049461959
1837965661320318923	0.049888610839844	960	288	975601201, 1883931323
1968930294054690287	0.032727479934692	960	288	918671287, 2143237001
1831875174750008711	0.080716133117676	960	288	921917341, 1987027571
1479065923235380787	0.031827688217163	960	288	879798397, 1681141871
1617546359930419249	0.013535022735596	960	288	965743073, 1674924113
1700264694964150313	0.043842792510986	960	288	927441937, 1833284249
2066621937965675341	0.044520616531372	960	288	1005191377, 2055948733
1999351516412807891	0.035852432250977	960	288	972477521, 2055935971
1746523271297518433	0.033633470535278	960	288	1780487609, 980924137
1491412773855697729	0.006861448287964	960	288	916734653, 1626875093
1887195242551453559	0.042097806930542	960	288	1835172137, 1028347807
1993551986483926091	0.016418218612671	960	288	971305219, 2052446489
2043752839170665281	0.026127815246582	960	288	1002892717, 2037857893
1936356979858689131	0.070535898208618	960	288	2062547209, 938818259
1724639505853123799	0.036659240722656	960	288	981533227, 1757087237
1711584179870591753	0.027295351028442	960	288	1860893917, 919764509
1459803695435870929	0.022157430648804	960	288	886484293, 1646733853
1552276355242407793	0.006210565567017	960	288	1751144489, 886435337
1914820596949042481	0.033108234405518	960	288	1047183811, 1828542971
1605655454812348267	0.078090667724609	960	288	963600601, 1666308067
1635799228922589001	0.054075956344604	960	288	961732319, 1700888279
1643159248997128909	0.031783103942871	960	288	1646538161, 997947869
1483120049356513247	0.003662347793579	960	288	1757008237, 844116731
1694840546038794703	0.024108648300171	960	288	1724629483, 982727341
6955503486388348193	0.038412809371948	960	288	1741193689, 3994675337
7652829071810357759	0.065320491790771	960	288	2064690959, 3706525201
6289052757661929509	0.108996391296387	960	288	1674977749, 3754708241
5988143813889767843	0.069614887237549	960	288	3342680417, 1791419779
8082007266059964221	0.109311580657959	960	288	1951941743, 4140496147
8059478002125820601	0.062624216079712	960	288	3877772813, 2078378077
7651619086283052497	0.041825532913208	960	288	1828298321, 4185104257
8190286259813136709	0.022223234176636	960	288	4207297499, 1946685791
8157139149666607579	0.080525875091553	960	288	3928097263, 2076613333
6900210636810864083	0.057181596755981	960	288	1957906627, 3524279729
6388526993841816913	0.051581621170044	960	288	1661496029, 3845044997
8830059990209709551	0.082487821578979	960	288	4114634789, 2146013059
6123170742873694897	0.03820013999939	960	288	3545506483, 1727022859
6683661198728090047	0.018268585205078	960	288	1834630319, 3643056113
8502256506512504903	0.127177000045776	960	288	2066500957, 4114324979
6127593186773574619	0.009326696395874	960	288	1794226477, 3415172647
8772467370007173311	0.0859215259552	960	288	4208748329, 2084341159
7357443897800140849	0.046707391738892	960	288	1833626071, 4012510519
7562791324896140881	0.067266464233398	960	288	2048286217, 3692253193
7450128328978787099	0.05667519569397	960	288	1746652207, 4265375957
6009041030570400751	0.066582679748535	960	288	3265344869, 1840246979
6851707861122485213	0.029922485351562	960	288	3654355591, 1874942843
6148519886273084153	0.077395677566528	960	288	1698100477, 3620822189
7461437548415200897	0.071287870407104	960	288	2007205687, 3717325831
7566257897010577337	0.015229225158691	960	288	2046172951, 3697760687
7803329330385499243	0.070244073867798	960	288	3761042083, 2074778521
5922088876000527551	0.063913106918335	960	288	1789380557, 3309574843
6714072690290269553	0.065920114517212	960	288	1678250857, 4000637129
6028500305501968447	0.061775207519531	960	288	1839395953, 3277434799
6492463699154119949	0.035452127456665	960	288	1739892331, 3731531879
6471665181047735299	0.030209541320801	960	288	1804294469, 3586812071
6096486198856418219	0.063278436660767	960	288	1732432789, 3519031871
7662845808257234057	0.025240898132324	960	288	1985615041, 3859179977
7395710871175326823	0.108362436294556	960	288	2085946543, 3545493961
7524109861734424247	0.143854856491089	960	288	3998150659, 1881897533
7423569539375133077	0.101294994354248	960	288	1937008783, 3832491419
8249528310301191761	0.021768093109131	960	288	2130167749, 3872712989
7936880976778358599	0.060443162918091	960	288	1879253963, 4223421173
6493064572267372369	0.012274026870728	960	288	1816864411, 3573774979
7542049975505951459	0.007424116134644	960	288	1992050549, 3786073591
8647591038037611353	0.088005065917969	960	288	4221862691, 2048288083
5835699405193019867	0.033661842346191	960	288	3325471771, 1754848577
8828956536625371791	0.05469799041748	960	288	2075981161, 4252907831
6861021072933604121	0.103926420211792	960	288	3478301179, 1972520699
6545123885328024043	0.050425291061401	960	288	1847753777, 3542205659
7860140571354281713	0.05409836769104	960	288	3803096933, 2066773661
7977882819339334717	0.050329685211182	960	288	3940998421, 2024330377
6055404104309855063	0.088840246200562	960	288	3241675837, 1867985699
7967984271506488903	0.035917043685913	960	288	2142821971, 3718453693
7259454171295251839	0.056026220321655	960	288	3663204827, 1981722157
6597730699116216977	0.032345056533813	960	288	3773463229, 1748455013
6793037802394168987	0.08203911781311	960	288	2028389171, 3348981497
8557749613560312331	0.029083967208862	960	288	4237705181, 2019430151
6318111480408709859	0.033398151397705	960	288	3558448757, 1775524087
8101882658463575977	0.031211853027344	960	288	3993740291, 2028645347
7121634711072452927	0.049458265304565	960	288	1738249841, 4097014447
7146237448417365737	0.060970306396484	960	288	1866286361, 3829121617
6238182464483883349	0.056190013885498	960	288	1716361243, 3634539343
6892399810068015143	0.060442447662354	960	288	1923341129, 3583555567
5621327846886437473	0.16181206703186	960	288	1641637313, 3424220321
6107252899885308263	0.056435346603394	960	288	3625694011, 1684436933
6942181863975644827	0.043462038040161	960	288	3602621357, 1926980711
7383543259704151093	0.045995712280273	960	288	3623926139, 2037443087
5901049013991022097	0.059460878372192	960	288	1804039957, 3271019021
7561187491661699771	0.050146579742432	960	288	1993211113, 3793470467
6966004760680133477	0.047824144363403	960	288	1927519537, 3613973621
7295869381447465969	0.019238233566284	960	288	2003680177, 3641234497
7419741542865867169	0.035341501235962	960	288	1761189559, 4212914791
7026686236692286561	0.025370121002197	960	288	3812848799, 1842896639
6811625887887922111	0.081028699874878	960	288	1873052183, 3636645017
6934619954045090819	0.074214458465576	960	288	1797547937, 3857821987
7901867318604943127	0.021233320236206	960	288	1966043459, 4019172253
6172692007476320737	0.062156915664673	960	288	3637282849, 1697061313
6463372290238219271	0.119674682617188	960	288	1627358251, 3971696021
8014118649985870687	0.022356510162354	960	288	4186356667, 1914342061
7796754355920442097	0.070925951004028	960	288	4049092009, 1925556233
7219687066849313393	0.042938232421875	960	288	1928133787, 3744391139
7352887815301477807	0.173995018005371	960	288	1714527499, 4288579693
6995041791400152011	0.075800657272339	960	288	3359146691, 2082386521
7488945509336591929	0.01197624206543	960	288	3490251539, 2145675011
7916010791503818923	0.04350471496582	960	288	1964720249, 4029077827
5582302077863602853	0.058992862701416	960	288	1627687001, 3429591853
6536465272132174927	0.048008680343628	960	288	1637632027, 3991412701
5507140261773130751	0.045333862304688	960	288	1684232731, 3269821421
6690237147720857609	0.050127983093262	960	288	1719259679, 3891347671
5998821387126662741	0.094661474227905	960	288	1674929681, 3581536261
6410227847390025793	0.078155994415283	960	288	1791853123, 3577429291
6709953971570339107	0.015352249145508	960	288	3602336557, 1862667151
6206281266020331791	0.049903154373169	960	288	1644047099, 3775002109
8393836569603015733	0.086713314056396	960	288	1987547357, 4223213369
7398421583220067181	0.08784818649292	960	288	2106028417, 3512973293
6443956112901830539	0.032792806625366	960	288	1618002751, 3982660789
5532814533114161231	0.093666076660156	960	288	1660759511, 3331496521
8727091422735767569	0.107630252838135	960	288	2075996969, 4203807401
5767745780302161583	0.115911245346069	960	288	3521433347, 1637897189
6667219689903974933	0.047229766845703	960	288	1611252007, 4137912419
6330436549357060793	0.033092260360718	960	288	1868477239, 3388019087
7008141455663592917	0.087181568145752	960	288	1952712367, 3588926651
5623127494555232581	0.058105945587158	960	288	1720783517, 3267771593
8278578125730043973	0.17622971534729	960	288	4094833667, 2021712919
14252328514618459157	0.044557332992554	960	288	1890247717, 7539926321
15030594061512867121	0.076320886611938	960	288	7399970077, 2031169573
10669689452813963941	0.067787408828735	960	288	1634556311, 6527575331
17934210767414106601	0.025459289550781	960	288	2095639459, 8557870339
12278648656827973031	0.077099561691284	960	288	1841060633, 6669334207
16232898527204424859	0.033904790878296	960	288	2039343517, 7959864727
12962350771996674871	0.036485910415649	960	288	1744502341, 7430400331
14104163427875373089	0.060474872589111	960	288	6963209371, 2025526259
12373120006074182191	0.057425022125244	960	288	1801076749, 6869846059
10943352928411242233	0.025115489959717	960	288	1641610991, 6666227863
14419126003116176113	0.066130638122559	960	288	1691221817, 8525863289
13771549357662195223	0.057748079299927	960	288	1662566777, 8283305999
15407701720377342449	0.169413089752197	960	288	7809772093, 1972874693
14295052952219985053	0.034754753112793	960	288	8309108527, 1720407539
12488020277094213013	0.101255416870117	960	288	1849382527, 6752535019
14726462348397218303	0.005187749862671	960	288	1897065251, 7762760053
14905693196119554427	0.041688442230225	960	288	8463687971, 1761134537
14536896813495213139	0.04904317855835	960	288	1917310247, 7581922037
17183715311429092571	0.069172859191895	960	288	2044771877, 8403732223
13816250567412708491	0.107084512710571	960	288	7136271089, 1936060219
15121843723038557243	0.022983551025391	960	288	7160296631, 2111901853
15950367341788167797	0.02287745475769	960	288	7641070933, 2087451809
12141762579936800323	0.0455322265625	960	288	1732884479, 7006677437
14384457003554173477	0.045405626296997	960	288	1985253157, 7245653761
11841538292848901927	0.063381910324097	960	288	1740779759, 6802433353
15742556904973536593	0.092405319213867	960	288	2145596251, 7337147843
15132802531574235689	0.096448421478271	960	288	1830829789, 8265543101
16501059881457280189	0.050561904907227	960	288	2008264319, 8216577731
12243305795334963709	0.090744256973267	960	288	6965442329, 1757721221
14534617576320294919	0.077750682830811	960	288	1919449283, 7572285293
11344462766631996347	0.030869245529175	960	288	1739328817, 6522322091
14997334690676307121	0.07555890083313	960	288	7522142821, 1993758301
15618497475482387831	0.023852109909058	960	288	1989281587, 7851325613
13872553401484318951	0.116937637329102	960	288	2003222363, 6925119077
14438776669227299681	0.062129497528076	960	288	8571373189, 1684534829
14477292970261155187	0.048563957214355	960	288	2002963829, 7227935303
17456167227449806267	0.055137634277344	960	288	2049293297, 8518140011
10639076331886175869	0.10073709487915	960	288	1648886689, 6452278621
12352464144007289671	0.020623683929443	960	288	7033176881, 1756313591
16194426017722767511	0.085049152374268	960	288	1919795011, 8435497501
12874085271977126569	0.115299701690674	960	288	1970550671, 6533242439
16810596291095080949	0.083597421646118	960	288	2012109811, 8354711159
16502397995504211547	0.060635805130005	960	288	8514445679, 1938164693
13445499334117468517	0.092294454574585	960	288	1622770211, 8285522647
12495056761339181503	0.087057828903198	960	288	1872986813, 6671193131
15699241337312089423	0.023678541183472	960	288	1852911223, 8472743401
15034260104148410051	0.020411014556885	960	288	7739705201, 1942484851
11953019899443748877	0.073296785354614	960	288	1806580957, 6616376561
12028900126349197603	0.03745436668396	960	288	1851311069, 6497503487
15020723436655173271	0.064680576324463	960	288	2081792327, 7215284273
15633009612064481849	0.030710220336914	960	288	1935625639, 8076463391
12146335105214481839	0.034472227096558	960	288	6518194901, 1863450739
12545467158937200253	0.060738563537598	960	288	1633724359, 7679059867
14423481355103428147	0.050209760665894	960	288	2020379429, 7138996343
11891682146699695751	0.074991226196289	960	288	1689773903, 7037439817
11618097142754708941	0.107239723205566	960	288	6498474503, 1787819147
13732313976189603941	0.052916526794434	960	288	1953431321, 7029842221
13017457431471034933	0.033909559249878	960	288	1825806589, 7129702297
11909934945534263219	0.028812408447266	960	288	1665972827, 7148937097
16320674918783980111	0.046360015869141	960	288	1944118619, 8394896669
12972350141908479331	0.06328296661377	960	288	7679480813, 1689222287
13411274938401547541	0.039655685424805	960	288	1715998187, 7815436543
13547253380238933161	0.071552753448486	960	288	7840253177, 1727910193
14237570976735879229	0.017194986343384	960	288	1713876107, 8307234647
12227744490820790647	0.073601007461548	960	288	1756420109, 6961742483
14021108743239345721	0.111145496368408	960	288	7910323049, 1772507729
16419451775678470187	0.142419099807739	960	288	1969093891, 8338582457
14469229400857008053	0.09308385848999	960	288	7172475731, 2017327063
14466472322649257213	0.153375625610352	960	288	7035084737, 2056332349
13531287108637108709	0.052437782287598	960	288	1824357559, 7417014851
14962329274073453627	0.094433069229126	960	288	1808808403, 8271926009
16168439485768200901	0.102024078369141	960	288	2140255753, 7554442717
12400120353506027927	0.091086149215698	960	288	6768165317, 1832124331
13372465761291135823	0.006601333618164	960	288	1822680521, 7336703063
12892525724731253477	0.039710283279419	960	288	1710214531, 7538542967
14154792113336738819	0.014355897903442	960	288	1891789453, 7482223823
13899201394725696001	0.039819002151489	960	288	1910385397, 7275600733
15391964783174213711	0.046920776367188	960	288	2001380189, 7690675099
14640899152619282077	0.063109874725342	960	288	7970725181, 1836834017
16845014491013742097	0.138039588928223	960	288	8373000511, 2011825327
10637888788834970261	0.004765748977661	960	288	1616442797, 6581048713
15547676855064165523	0.093371391296387	960	288	2015619563, 7713596921
12805513216373680057	0.040159940719604	960	288	7421028521, 1725571217
13397009511380302501	0.009378671646118	960	288	7237860419, 1850962679
12436456878354241099	0.058308601379395	960	288	1706476817, 7287797147
15199176142642773283	0.09464955329895	960	288	2037275909, 7460538887
11002665557013644057	0.037084817886353	960	288	1661663167, 6621477671
13744512604889837047	0.032605886459351	960	288	1669278617, 8233803791
17193814633422234287	0.059579610824585	960	288	2129438261, 8074342867
13367268133916122463	0.099090814590454	960	288	1638402959, 8158718257
13975000748690092351	0.045942783355713	960	288	1743659803, 8014751917
11334119868328683091	0.037007570266724	960	288	1693164329, 6694045979
14004953648322468101	0.042577505111694	960	288	1715308843, 8164683407
15187503293641187851	0.03855299949646	960	288	1959389017, 7751142403
12143810936818495829	0.016998052597046	960	288	1653255407, 7345393147
14617641062636748443	0.097791910171509	960	288	1816839449, 8045642707
13867647423909406793	0.035450220108032	960	288	1870986329, 7411944817
14081576490208611653	0.05173134803772	960	288	1824869797, 7716482849
14985861976038965771	0.075080394744873	960	288	1954461779, 7667513449
15040249914296008361	0.025330781936646	960	288	1809775543, 8310560927
793742536427646932249	0.223997592926025	960	288	13739698937, 57770009377
911571615714168308597	0.495939016342163	960	288	57494234339, 15855009223
694841155633137942227	0.132547378540039	960	288	12922608679, 53769418613
895616376534102383287	0.036502838134766	960	288	15394869821, 58176287747
819284878183562704079	0.094046354293823	960	288	15300897383, 53544890713
881731987962452318221	0.161188364028931	960	288	13216100753, 66716500157
811464600692674258987	0.284217834472656	960	288	13068241253, 62094400079
895061708206155639059	0.214544534683228	960	288	13572711301, 65945682359
878847463661317427239	0.072981595993042	960	288	15478169801, 56779805039
762376612984328219159	0.397980690002441	960	288	14268118211, 53432176669
875340477991456044929	0.135058403015137	960	288	15271189841, 57319729969
1010918645165812833293	0.347670078277588	960	288	15354119159, 65840224027
833152868960631094283	0.348848581314087	960	288	13366815961, 62329942403
794585617309339133309	0.365783214569092	960	288	55232565019, 14386179911
953565997006670883071	0.21968150138855	960	288	15557436641, 61293259231
814142181329551960429	0.308554649353027	960	288	15572117321, 52282047749
1030478497172536501321	0.086240291595459	960	288	17135847847, 60135833743
779155276275215308097	0.168182373046875	960	288	13770490927, 56581517711
711556256162801102567	0.099951982498169	960	288	13085096501, 54379137067
1051642037688278053487	0.190255641937256	960	288	16472256457, 63843228791
893952938918631394711	0.224365234375	960	288	13025922941, 68628759971
1012153711197833986447	0.132394790649414	960	288	15773657219, 64167345413
874975674319757171039	0.150468111038208	960	288	14060082017, 62231192767
881390638645592035039	0.08543062210083	960	288	17028979921, 51758275759
918145286726528189137	0.147927761077881	960	288	54001319291, 17002275107
782253915917760153457	0.21314263343811	960	288	52003689083, 15042277379
937820632535626459057	0.322866916656494	960	288	17012663029, 55124857933
960499375563649986161	0.155194759368896	960	288	65022251087, 14771856703
774792806037990455237	0.099024057388306	960	288	14945291891, 51841932007
775498907729463330137	0.163639068603516	960	288	14232494383, 54487912439
986542001438833602307	0.179534912109375	960	288	58948122161, 16735766387
860977624945650787469	0.212632656097412	960	288	15111018623, 56976809203
747300083779051096471	0.27453088760376	960	288	54839781523, 13626970477
1048339962977612788627	0.304269790649414	960	288	16238981903, 64557000509
920737041590079877117	0.109947204589844	960	288	13894533761, 66266134397
1050310213184219599897	0.360163450241089	960	288	16516933231, 63589904887
965812245468584806969	0.127152919769287	960	288	61372872403, 15736793923
842267418184501968803	0.077653408050537	960	288	14826193511, 56809417573
1062788917145256311377	0.332565069198608	960	288	15721142141, 67602525797
866609319538307005657	0.143332958221436	960	288	12920437213, 67072754989
886082838836247412573	0.39518666267395	960	288	15668354719, 56552385667
734898457780211298461	0.149380922317505	960	288	55646648459, 13206517879
737181762109708618777	0.220463275909424	960	288	13902915973, 53023535749
1031640465070030064341	0.149004459381104	960	288	16894061851, 61065270991
933843485888235706393	0.034091472625732	960	288	57628945273, 16204417441
843103347050161276061	0.199187755584717	960	288	59183386663, 14245608347
761695315130838845429	0.20110297203064	960	288	14448271987, 52718782967
840148821221419915291	0.115113019943237	960	288	52810885423, 15908629717
887613611147571808813	0.044503927230835	960	288	13143755033, 67531204661
759351879264306199673	0.300333738327026	960	288	14281317793, 53170995161
870294502412639219009	0.158085107803345	960	288	13377727619, 65055480811
865685210097991642811	0.165209770202637	960	288	16420896517, 52718510783
1007677244928708006827	0.053730964660645	960	288	61620374213, 16352988079
981483841779436208113	0.197182893753052	960	288	17041909747, 57592362379
881585115530671596619	0.187829732894897	960	288	15984410047, 55152809077
756635390129618911837	0.161927938461304	960	288	12916634429, 58578369953
905283327027899628587	0.084011554718018	960	288	13955321251, 64870117337
924850379421240427153	0.209128618240356	960	288	14721523121, 62823008993
839670288985371097649	0.126460075378418	960	288	55889103841, 15023863889
955267516517908727279	0.141524791717529	960	288	15519736187, 61551788317
863213945522752517923	0.296940088272095	960	288	15649478183, 55159279781
1053666157365427737029	0.172406911849976	960	288	16847680709, 62540724481
874991678019455925163	0.053984403610229	960	288	14331481727, 61053818069
1121624238093506247977	0.199404954910278	960	288	16788879817, 66807568481
754011620293311146183	0.223301410675049	960	288	12890663953, 58492845911
772649735502035586187	0.080556392669678	960	288	14054426987, 54975541601
926753409629687752193	0.314183712005615	960	288	16062507343, 57696683951
869744904170471575133	0.356314897537231	960	288	16541678381, 52578999793
738555760740941880101	0.162655591964722	960	288	13017298507, 56736484943
965504737058976025679	0.183846235275269	960	288	65371747489, 14769449711
1024494026607198686719	0.094856977462769	960	288	16898344571, 60626886989
867779496721331022683	0.239469528198242	960	288	16287394061, 53279210503
853415796572733121789	0.15075159072876	960	288	15736511003, 54231576263
922286221694622722929	0.292507886886597	960	288	16761575681, 55023837809
1072079701006508536939	0.259175062179565	960	288	15747459001, 68079535939
962523935244993395419	0.088932514190674	960	288	63316197467, 15201859457
735078903338740883701	0.306340456008911	960	288	13154742527, 55879383563
974972481157965717337	0.170048952102661	960	288	15632254877, 62369279981
1098074771139176195207	0.276955366134644	960	288	67679271181, 16224683747
844757594150508884861	0.206293106079102	960	288	53812952723, 15698034607
912963510343564765859	0.461498975753784	960	288	15426064837, 59183176007
848132464709692067263	0.150523900985718	960	288	13275338143, 63887823841
928641632264437660207	0.183678865432739	960	288	14316673781, 64864342547
958248289017736648123	0.114635705947876	960	288	62363030501, 15365646623
868243258134600859633	0.059600830078125	960	288	13946548793, 62255061881
799308657537135030991	0.126348495483398	960	288	13028222593, 61352087887
791100071198840564731	0.030183792114258	960	288	51712486003, 15298047577
828581084484407025857	0.029151916503906	960	288	13457148689, 61571816113
716511425864210626051	0.230947971343994	960	288	13236432779, 54131761769
894212481965669221013	0.193504095077515	960	288	15673559179, 57052292447
919382173500539388373	0.125375509262085	960	288	54129942551, 16984724723
928911397122037045019	0.163886308670044	960	288	15292663249, 60742290731
757079542712301720487	0.26179313659668	960	288	12896481551, 58704348137
1003818833886780467693	0.096904754638672	960	288	15737009257, 63787141349
778495021866978041107	0.12233567237854	960	288	14928090077, 52149673391
878001542119650060929	0.111582279205322	960	288	15218486167, 57693093287
810879286944759025573	0.132270097732544	960	288	14151247459, 57300905047
988809782907187398107	0.164732217788696	960	288	15795451823, 62600917909
1017867205107223796387	0.189790964126587	960	288	16289925461, 62484460567
886866574358344590047	0.180004835128784	960	288	16669081409, 53204285983
27268219641255909683113	1.028334856033325	960	288	221527811321, 123091631153
25091792917135693209049	0.587043285369873	960	288	108855678661, 230505135109
26646177380717080449257	0.779744625091553	960	288	120153116243, 221768508499
29476506057470057019307	0.037260055541992	960	288	128052106199, 230191497293
26956717755404332458293	0.444257736206055	960	288	223506915209, 120607980877
34457254301066361923227	0.548173427581787	960	288	274557084601, 125501239027
31083827926692740893523	0.758014440536499	960	288	114305960827, 271935319049
35398132140837977748827	0.254676580429077	960	288	132849131473, 266453621099
30603975336998025927143	0.095286130905151	960	288	115924684607, 263998780249
24889164706226179219171	0.452936172485352	960	288	215552002837, 115467100183
33733307265014156577587	0.129527807235718	960	288	129654861839, 260177727133
23854039277794526575433	0.36952543258667	960	288	115218175097, 207033649489
28137232684391191773793	0.368956089019775	960	288	124292055791, 226379976623
28978910897270549760067	0.215045213699341	960	288	118134067451, 245305283417
24328993667479616429243	0.644034624099731	960	288	228138434339, 106641363337
28475505715952522503967	0.081233263015747	960	288	120573974909, 236166268363
27087786669135137171437	0.723325967788696	960	288	254656876121, 106369743797
24042404461061844609347	0.437944412231445	960	288	225605819099, 106568192953
23833235911418961608177	0.457033157348633	960	288	113473054511, 210034320607
26459162041783565964601	0.462573289871216	960	288	108380883497, 244131263633
25870028301029143006247	0.402045965194702	960	288	105396638891, 245454016117
26948932454130268382131	0.35532283782959	960	288	127622692061, 211160977871
23618927728772417989217	0.299290180206299	960	288	103232880503, 228792683239
23798988566300365353821	0.564356565475464	960	288	111513291181, 213418403441
28552804865328435448747	0.455946922302246	960	288	230330620739, 123964433273
32224234909634828138671	0.564373254776001	960	288	136145325221, 236689984451
35549138879566765663643	0.290858745574951	960	288	135225846817, 262887160379
34943802116746725806407	0.394019365310669	960	288	135021878683, 258801036229
23607057487418327180189	0.363927125930786	960	288	114026306297, 207031677637
30603398045999832968899	0.617553234100342	960	288	135848659049, 225275672651
28301933360434498723991	0.236168146133423	960	288	131471365741, 215270703251
27284416271614407654737	0.12956714630127	960	288	107876970847, 252921601871
27463080560861704219039	0.214972734451294	960	288	109199790101, 251493895139
27708793309469262132287	0.589581727981567	960	288	111512894567, 248480621161
26504520862288838825899	0.346101999282837	960	288	109327478167, 242432381197
25354642908558967082129	0.557530641555786	960	288	232327164721, 109133354849
29648268928105877672851	0.489644527435303	960	288	109816613999, 269979813149
28599064274002227123749	0.144821405410767	960	288	118563181967, 241213703947
28114488983371720177811	0.742889404296875	960	288	122035646683, 230379317417
35486020641904017790609	0.808989286422729	960	288	131581324019, 269688885611
26226286621839064275899	0.065831661224365	960	288	114474991913, 229100576323
31860717967406040996097	0.163399219512939	960	288	117640158827, 270831987011
26937314777323928813827	0.628028392791748	960	288	118034045863, 228216482629
30350565808267455278117	0.235273122787476	960	288	121272583123, 250267331879
24443646645963826974443	0.603719472885132	960	288	221891220751, 110160494693
27869073118871389355303	0.306834936141968	960	288	125458965539, 222136959277
29652194404840204771867	0.062095880508423	960	288	116361675149, 254827840583
28674672686672979973813	0.923120021820068	960	288	115382321917, 248518769689
30312437113360352454739	0.246310234069824	960	288	260394077309, 116409856271
730060666320783909721937	0.512341022491455	960	288	436975877357, 1670711597941
824933536801125250409467	1.383400678634644	960	288	428966508959, 1923072127013
966383234216651375566147	1.085136890411377	960	288	440901422543, 2191835146829
952408339411381192465859	1.810050964355469	960	288	501945238937, 1897434750907
969488274846519988047409	1.314324855804443	960	288	548844281273, 1766417739833
769562534313901447452173	0.777335405349731	960	288	417530668081, 1843128165533
1045569353216062695052811	0.128436326980591	960	288	537322033861, 1945889591951
908991137367412950843599	0.488554239273071	960	288	503717553551, 1804565139649
887620980365883863568173	0.818045139312744	960	288	1705914831727, 520319633699
1043332808570904358646383	0.300363540649414	960	288	485031575701, 2151061623283
906293910569794384827061	0.500134706497192	960	288	505229594971, 1793825855791
980086706612117590873537	1.853490591049194	960	288	457344539203, 2142994225579
887801463005752219089937	2.282531023025513	960	288	416978144161, 2129131887217
962879892897361150078967	0.787163019180298	960	288	514354865029, 1872014747723
1094612753604634313036539	2.237448215484619	960	288	2018319512987, 542338686497
855274884855083199679889	0.541443347930908	960	288	449409534907, 1903108008227
925161427238700906172159	0.650982856750488	960	288	421807291177, 2193327252967
893407041502884534204451	0.666027069091797	960	288	428605812241, 2084449197811
888801944695431361305517	0.505298614501953	960	288	529821926267, 1677548437751
814742201651722954543343	0.182196378707886	960	288	485813890729, 1677066500567
997217770991081211155123	1.623871803283691	960	288	1964653771739, 507579394057
822248794843770864051967	0.153487682342529	960	288	483796482493, 1699575802219
1114165177229752522497613	1.976804256439209	960	288	531040877933, 2098077988961
823956357254203296968099	0.570072412490845	960	288	1978140866063, 416530678573
1023404084991948832003019	0.760645866394043	960	288	495811124771, 2064100690489
787315874868987326247419	1.441909313201904	960	288	448579839593, 1755129868483
898642825996815326918941	1.326032638549805	960	288	518989761767, 1731523224923
853476104665228191551039	0.948064088821411	960	288	500849413409, 1704057311071
951317966579450753663041	1.029584407806396	960	288	1831983850493, 519282943637
772750490903530015549051	1.143836736679077	960	288	464875468193, 1662274186907
853937309109738366392003	1.536016225814819	960	288	1934067191359, 441524117117
997438570636288832171051	0.924554347991943	960	288	493972998151, 2019216787901
809338752674569311363929	1.201208829879761	960	288	434336054617, 1863392974337
819798194042901774602623	1.773009538650513	960	288	461533881019, 1776247048717
874575077306534780606317	0.405794620513916	960	288	413584498541, 2114622478337
1159543991839347659393609	1.520132541656494	960	288	2111901513119, 549052114711
928595273399535279188939	0.586236238479614	960	288	542064028327, 1713073040957
814526003090528833412701	0.37243127822876	960	288	471612926843, 1727107033607
787835262190597872206693	1.15303897857666	960	288	471663305573, 1670334013441
1137979965347921495089567	0.259509325027466	960	288	530739616271, 2144139857777
1080328788045694902192347	0.598555088043213	960	288	500697429961, 2157647959427
995154501208428281001727	1.428515434265137	960	288	460208512499, 2162399160773
949582400707132615993903	1.05078387260437	960	288	490280531473, 1936814414911
914448650892964472562307	0.939924240112305	960	288	1784131738157, 512545475951
910663871554775622698669	0.818760395050049	960	288	461414107463, 1973636819563
979686190157874177878477	0.694722175598145	960	288	1787317385509, 548132188553
889182731700158267244209	2.035969257354736	960	288	1913667091477, 464648598317
899540041107320808243739	1.238746404647827	960	288	1904016275867, 472443462017
921671474628628734522557	2.357941627502441	960	288	545748906421, 1688819645417
954274343888795088741091	2.292516708374023	960	288	507517746539, 1880277784169
29300743083194973351430837	2.030100345611572	960	288	3471169724731, 8441172690127
27286960516455936388571957	2.442133188247681	960	288	3819302982149, 7144487002993
32727528146087143118413373	1.848889112472534	960	288	3988715398609, 8205029658797
32488168854034385037136369	2.452221155166626	960	288	4160923778227, 7807922131147
27047088672587538972166831	5.237098455429077	960	288	4024163835169, 6721169857999
35644273399083108712456289	0.861093282699585	960	288	4325660246143, 8240192565023
29134612063919778156908701	0.47204327583313	960	288	3366472873697, 8654343331133
25401736680437365409541257	3.455417633056641	960	288	3476940914789, 7305771741013
33692348676330293407495253	2.966152906417847	960	288	4150450541711, 8117756936923
24155147927970550563712841	0.346708536148071	960	288	3548414821537, 6807306682793
29035814239323219398579983	1.427716970443726	960	288	4007678424179, 7245045925877
29971852379344043765668051	3.645275592803955	960	288	4129636506893, 7257745888607
35426558904208014333040639	2.110279321670532	960	288	8622696394139, 4108524443501
25925708646209450897849029	2.265888452529907	960	288	3609231563797, 7183165775857
29733336358990951090034231	2.006586790084839	960	288	8022008464021, 3706470330011
31993819547966912147869043	8.441662788391113	960	288	3791190446287, 8438990338589
24721041986332344964256557	3.143299102783203	960	288	3674576758133, 6727588947929
30715219626100251411330157	2.546824932098389	960	288	4371797352613, 7025764725289
30894700472695126228193609	1.235235691070557	960	288	4229388346283, 7304767957723
29078918690089296314430281	2.459598302841187	960	288	3509334024743, 8286164407567
33940194283206811428763057	1.565266609191895	960	288	4195477156051, 8089710185707
30950974726894551271963883	3.739223957061768	960	288	4047726849269, 7646507751007
25714361130342658309384193	2.997565746307373	960	288	7234262436403, 3554524231931
33473859829710421620677327	3.951526403427124	960	288	8532728683273, 3922995922199
28965431199246364490823599	2.93587589263916	960	288	3540309332947, 8181610270517
24698476144417683807607279	1.540945291519165	960	288	3307644292387, 7467089554117
28827675505359449979722999	2.250531196594238	960	288	4043429798981, 7129510573579
28706516167718463905049829	0.599393367767334	960	288	6698724649619, 4285370375591
30631378031808870079244207	0.479119777679443	960	288	4296437091151, 7129483658657
32102475323417193144711161	2.915864944458008	960	288	8109146819183, 3958798137367
28871056647897662963897501	1.914080142974854	960	288	7113202262249, 4058798777749
30003695396717577902570501	3.797318458557129	960	288	3932650716607, 7629382205243
35021800595334541196027233	2.101903915405273	960	288	8438163847249, 4150405376017
29176766753506568223980311	2.523100852966309	960	288	6682941065861, 4365857257451
32784345661837351361855707	4.452307462692261	960	288	3914586813569, 8374918535003
30602576763214709547752683	1.717572927474976	960	288	8566419333473, 3572388365771
28624284197613459767816981	3.704790830612183	960	288	3558600093283, 8043692308007
30194097766760582851878883	3.986256122589111	960	288	3873090235433, 7795867364651
29649008548920841632583879	1.569657802581787	960	288	4324589424497, 6855912929207
27390803447964574087939549	0.480602025985718	960	288	3526335841681, 7767497106829
28619088972701757298891979	2.022385835647583	960	288	4071961992977, 7028329100827
36963828390010247316476023	1.307965278625488	960	288	4226787107629, 8745136068787
32425780658678214039702241	0.513244152069092	960	288	3755729537341, 8633683638901
27912404507646882205243201	1.805472612380981	960	288	7806574758569, 3575499546329
31729063926826099923145879	1.240916728973389	960	288	3807628634057, 8333024823647
31390561803579155682206927	1.623447179794312	960	288	3677657051867, 8535478257181
32059110039401585364355093	0.571622133255005	960	288	3749112815611, 8551119055663
31865930394009535333070797	3.994841814041138	960	288	3735317266711, 8530983613627
27314264289884142151078997	4.260172367095947	960	288	4076948050397, 6699684163801
32939800151595894722502179	2.939046859741211	960	288	3813708302461, 8637210174239
930593817936126185603043151	9.620201587677002	960	288	17270716925369, 53882755531079
1186723878067795431055836731	2.880399942398071	960	288	17569227669121, 67545591668411
922821150483179003895899681	8.685377597808838	960	288	16638223489597, 55463923240373
1034653196936895813845421097	3.603314638137817	960	288	17534011777129, 59008355308993
1161731487527776384295675069	7.695990562438965	960	288	17486436296207, 66436149015667
1047101639407174567391212577	11.089134216308594	960	288	66350871083011, 15781279466507
913974338135103404475763673	11.00867486000061	960	288	13295972483333, 68740691158981
890853792973631072808397753	0.654974937438965	960	288	14355551262193, 62056397326921
879374301525843631316729149	5.464641809463501	960	288	14054764542547, 62567700715567
1151787990757848249446086057	7.384608030319214	960	288	17233623640081, 66833767222297
1104443626301185735240147709	9.450440645217896	960	288	16970065050649, 65081873463941
816926470380649611257425859	6.45688271522522	960	288	13548234633953, 60297632308003
1132723150121870378623081883	6.343593120574951	960	288	16098486685607, 70362088825069
916586430763661030441956429	6.279593944549561	960	288	15418641093763, 59446641580783
809604671499523265648924683	9.566899061203003	960	288	14518136172139, 55765055644897
1056129828029449404719250743	4.712577342987061	960	288	16551425852593, 63808993704551
784286541329903216979484993	3.780094623565674	960	288	14774950065487, 53082178813039
896271649153309158050649403	4.004337787628174	960	288	14489953002883, 61854696766441
1119443121380996510670240523	3.841540336608887	960	288	16248708094897, 68894284692859
1039885579856123973806197079	3.630540370941162	960	288	16821833391409, 61817612602631
876203921212435164389958187	4.989386558532715	960	288	14919468246461, 58728897487367
992157195067982954851326247	8.477057456970215	960	288	66171694108459, 14993679826933
992659398069064604550222337	4.573922872543335	960	288	14255392349767, 69633958414711
809920509857831699253527411	6.313534736633301	960	288	60764902999877, 13328755085143
1155448247981722063844576939	1.871060132980347	960	288	16536787280281, 69871386043619
956891108454524950080423157	12.408226728439331	960	288	14168433005393, 67536834037349
878290823305985897089041943	12.055293321609497	960	288	15755713315019, 55744275472997
792593710920174281366665127	3.431318521499634	960	288	14144902400141, 56033876268547
1099218670647443029162562659	2.645564079284668	960	288	15793080239719, 69601284484261
802629433091911866109637131	2.481502294540405	960	288	15048267882181, 53336997943951
820165934909854579134027253	5.077425003051758	960	288	53357663872361, 15371099020973
910776734190477188321692351	8.565850019454956	960	288	67504737030293, 13492041807107
1103576178545538976189603949	1.3802170753479	960	288	16459873669511, 67046454954859
1020566135763825429596521387	5.408015966415405	960	288	14878442898929, 68593611757403
1044184428215811086658666887	5.968665838241577	960	288	14914196361871, 70012785327497
910834583010685211371691227	5.963757514953613	960	288	16198814386669, 56228472113383
863838422172820868475791989	3.244621753692627	960	288	13660307889817, 63237112160317
849656849582582538467295617	5.801731586456299	960	288	14128146862799, 60139299076783
1000793600580997220427244981	6.225813388824463	960	288	17085792412181, 58574608448801
991927081535768994085406017	10.271327018737793	960	288	14117779287529, 70260843531673
921267890402216141864937343	5.980591297149658	960	288	14428933324153, 63848648386231
954038384574746649243871493	3.263984203338623	960	288	13986582708781, 68210970788153
992134015032180201556431443	4.886127233505249	960	288	15282138578741, 64921150264423
825542586159669089268461129	5.47923755645752	960	288	15087035531053, 54718674484493
827407590109932520312166707	4.876458168029785	960	288	14667845814857, 56409618737051
838455127796296456972966871	6.708310604095459	960	288	13333649331263, 62882644275817
981976774569238451103714983	5.59895658493042	960	288	14176788303397, 69266518872539
782855135888008840580781241	9.550639390945435	960	288	13789869634393, 56770307235937
1126680147706424554329083737	8.741759061813354	960	288	17534052363413, 64256688890549
26631238048561521519224616533	27.675697326660156	960	320	111294530257577, 239286135508429
26501647114543117550038625527	23.72728657722473	960	320	218159436704381, 121478344072067
27190201812333259568879557103	6.835845470428467	960	320	108955275688913, 249553788381631
28344499196287454057925699017	24.896029472351074	960	320	243942937794337, 116193153417641
29893136453894436742957507763	7.373239994049072	960	320	122732526499721, 243563277856603
28561688434890371645149706197	9.991088390350342	960	320	110356655597063, 258812558974019
35282058282690567488268718111	32.406174659729004	960	320	129972247782211, 271458398886901
24048521812669566246109717423	13.552653551101685	960	320	105584569358617, 227765496026119
35311981155720666610439911141	4.512603759765625	960	320	128310301466791, 275207685992851
31471244639084162825262124937	23.125182151794434	960	320	228738876194317, 137585902154861
33745386938336489395974475309	8.515424251556396	960	320	271288920039899, 124389108605591
31757343115528490647342973141	13.348597764968872	960	320	246381334507537, 128895085250693
36625358768421704200000995227	12.365660190582275	960	320	262872846397457, 139327280357611
34980370753685537777225295659	19.404374837875366	960	320	139918066837333, 250006103889023
35434385083303677785546534033	12.872212171554565	960	320	258770151749167, 136933818849599
25869629738064278448451615301	12.37859582901001	960	320	236573186850509, 109351486880089
28976379123995710354341592963	13.366641759872437	960	320	106292580035249, 272609613148787
32544545543542634859215895817	10.444610834121704	960	320	117438853645049, 277119066930833
30491050460425797419319273821	17.274105072021484	960	320	220442375611141, 138317555215481
27747455108458963677682582087	1.389961004257202	960	320	109642743189479, 253071514824353
36748182468449639080366418537	18.939650774002075	960	320	276227367901799, 133035994034863
27428760480916254980469485467	5.397034883499146	960	320	108560456655337, 252658853195491
30347392416217670674705945093	12.05313491821289	960	320	132327545033597, 229335414697769
30111849447733452917905724353	9.25467562675476	960	320	126525175370623, 237990971832511
30268887212750839973326115731	26.37442946434021	960	320	140524698448357, 215399054735383
32936816855842086038292136459	9.970593690872192	960	320	237829009697681, 138489484094939
28701657406521414124993532477	11.505572080612183	960	320	113241775286803, 253454675483759
28921727062164125065601527199	8.162861585617065	960	320	108536663215943, 266469653711593
30551094663576543675429496991	18.296831607818604	960	320	113985192127321, 268026873433271
33019933069274443890494542351	11.512846231460571	960	320	118482611418959, 278690118945089
23549465051456312160553115263	29.517247915267944	960	320	110204273474381, 213689218294523
28421366818694329283801609177	9.726665019989014	960	320	266229139724089, 106755281740193
25463834155999012835686160689	22.891497373580933	960	320	115994655153491, 219525926623979
29529773392945544361916220287	14.578909873962402	960	320	113645701989973, 259840652799619
30790924256680560110050388887	15.419890642166138	960	320	239587716161041, 128516289357607
34135672089880405113604341251	19.722516536712646	960	320	137117957605171, 248951141674481
29685818716890875352227656589	22.245494604110718	960	320	121090520195387, 245153944908247
26877395133831993497461176673	7.070993423461914	960	320	124663326419759, 215599855272047
27803523271851108517870637611	6.872528314590454	960	320	256996150241251, 108186536046361
28034328306884514917245591601	21.20379137992859	960	320	113397780552751, 247221137576351
23521207932873682991893216237	19.885265588760376	960	320	212758185338471, 110553715691147
29547531460189008039727390469	22.18583631515503	960	320	119769585243547, 246703129180127
24546960431935024373625619043	18.93373155593872	960	320	109192505491001, 224804443506043
30968013426259875062908453241	13.00510549545288	960	320	112524732455257, 275210727015713
34774546326838949617250860331	4.604632616043091	960	320	276787567667531, 125636229328801
31060739139381137211843581237	13.50279712677002	960	320	140570813025673, 220961510222669
30987315132614995644266088209	8.607062339782715	960	320	135958770197737, 227917000775657
29702593347865397455642587431	7.725459337234497	960	320	218823826913959, 135737473230209
27124945249530512467762195171	30.82074761390686	960	320	122185134010211, 221998735519361
23339780086310403190170049961	13.099430799484253	960	320	106296354930613, 219572722898597
1194172927626354370721183420323	33.8314745426178	960	320	2123425062438961, 562380537345043
826889109653869720012086213779	12.938512086868286	960	320	452827863993797, 1826056158207607
945778171246174303859496236101	29.803639888763428	960	320	1760874842252707, 537106981457143
889961713868229496807163803993	38.66165852546692	960	320	485619641848091, 1832631214176923
844696872977421690645553313779	36.832427978515625	960	320	1820699695521067, 463940799822937
1124429970940557830471979335989	22.89737343788147	960	320	522082089737543, 2153741706607523
1047402797678183227927418436511	48.40376853942871	960	320	521305798872557, 2009190766616123
889192013545083706433315390213	24.694291353225708	960	320	508442122512397, 1748855915303129
953826803712263219473725599699	67.13997054100037	960	320	515949513143837, 1848682437745327
1056780342093554297708446755043	24.65658664703369	960	320	519532374990857, 2034099110978699
945932171234439230076082140187	24.98310685157776	960	320	556834882258111, 1698766010129317
922382543775971420748727934213	85.63819909095764	960	320	1806684106553713, 510538915148501
909039292529525073469946223967	51.45778179168701	960	320	505882430803531, 1796937859821757
1032591306102483185040531620963	60.92864990234375	960	320	547090255529549, 1887424050539887
1115205247748402885507417181851	22.352872610092163	960	320	547901578967077, 2035411633328063
967233634802897680005167719583	17.232601642608643	960	320	435454866027869, 2221202954110507
769352613864645390924117803297	40.211005210876465	960	320	1689852838151087, 455277877750831
1061122380160304346206683930067	49.43636393547058	960	320	514486135834717, 2062489747053551
1048480810919436839871961405513	61.819249629974365	960	320	468927366367487, 2235913034978999
943720549333789879995780429401	33.15978813171387	960	320	1828434791499061, 516135742833941
1154142716460284317928951621543	37.31531500816345	960	320	2135399328271861, 540480977576363
930330817277167631851156213057	13.504940271377563	960	320	428165842338037, 2172828201794461
947395188313863068109383228927	17.370954275131226	960	320	538341136436797, 1759841714093291
887942528055345578370107532197	21.175557851791382	960	320	424878315340201, 2089874902992797
887331043085452245315024504017	48.774210691452026	960	320	486934020112487, 1822281883037191
1069849021677602791616653563547	34.36116123199463	960	320	492964608366397, 2170234948960951
1064135067630938384394202041127	17.69209337234497	960	320	489087902332301, 2175754220369027
899040298647099205216780776899	18.521679639816284	960	320	1786836868981201, 503146266038099
969574561028176005421136010433	30.90795063972473	960	320	450248550500339, 2153420727175547
1069709761049225245097600661779	64.31271553039551	960	320	1954097263018807, 547418893262597
1040710170718227492712620850021	19.14934206008911	960	320	522477963325777, 1991873808597973
989811833348103724011071429479	65.75891923904419	960	320	441203116462187, 2243437991292917
877866844201810038273698922683	26.34597635269165	960	320	496878822830581, 1766762445621743
867063310261229467023256068101	22.12321639060974	960	320	498907378215283, 1737924408660647
1065025620535922489726989800019	63.63836884498596	960	320	500126370136399, 2129513027368381
946609054840606773605614050059	42.7680561542511	960	320	478943677049161, 1976451721156019
987818266859966727567227231077	26.64704704284668	960	320	539709282325711, 1830278446580107
978397262356593132988545016067	51.55969858169556	960	320	475051432921753, 2059560701330939
1168416689632646128293218162149	40.88725805282593	960	320	552408696843041, 2115130873771589
1247261058215591243550999617653	21.514358043670654	960	320	2237725960317593, 557378821327421
1040918456439771462427854294097	53.53904128074646	960	320	533182826822651, 1952273036704547
995486546345391536875344772787	110.998220205307	960	320	2142534537762887, 464630337947701
913396564254940350260401019431	12.35332727432251	960	320	1701479566369519, 536824880127049
962009558632720273305523688881	22.626411199569702	960	320	1784632201016491, 539052000790291
991328759983053577054685525893	91.3631842136383	960	320	459081001135667, 2159376575224679
889983365307263181745657525907	43.5526647567749	960	320	2040673245840059, 436122425342473
1212420335650180577412093775189	37.42533802986145	960	320	554229831281921, 2187576826829909
1074872175012702536528121757073	32.46771764755249	960	320	480944110177031, 2234921173308583
945631210736539784247658666559	24.832834005355835	960	320	437678225362421, 2160562614129379
913621723161274528123031761031	37.66890215873718	960	320	531577244383607, 1718699836786033
