[TEST] Preformance Test: findAllPollard with 8-bits primes.
[Integer to Factor]	[Elapsed Time]	[Memory Usage]	[Int Memory Usage]	[Factors]
203	0.000138998031616	704	224	7, 29
217	9.298324585e-05	704	224	7, 31
[TEST] Preformance Test: findAllPollard with 16-bits primes.
[Integer to Factor]	[Elapsed Time]	[Memory Usage]	[Int Memory Usage]	[Factors]
49403	0.000164031982422	704	224	389, 127
44833	0.00018572807312	704	224	107, 419
56387	0.000136852264404	704	224	113, 499
47167	0.000154972076416	704	224	101, 467
51641	0.000152111053467	704	224	113, 457
54737	0.000150918960571	704	224	127, 431
46561	0.000148057937622	704	224	101, 461
50467	0.000150918960571	704	224	109, 463
46331	0.000153064727783	704	224	107, 433
55753	0.000198841094971	704	224	127, 439
56839	0.000144958496094	704	224	113, 503
64643	0.000160694122314	704	224	127, 509
53213	0.000168800354004	704	224	127, 419
60833	0.000143051147461	704	224	479, 127
43531	0.00025486946106	704	224	101, 431
46763	0.000143051147461	704	224	101, 463
46217	0.000247001647949	704	224	113, 409
61849	0.000303030014038	704	224	127, 487
51253	0.000212907791138	704	224	479, 107
44581	0.000237941741943	704	224	109, 409
49187	0.000185966491699	704	224	101, 487
50419	0.000125885009766	704	224	397, 127
50927	0.000184774398804	704	224	401, 127
50803	0.000193119049072	704	224	101, 503
44329	0.000168323516846	704	224	97, 457
41309	0.00018310546875	704	224	409, 101
39673	0.00037693977356	704	224	97, 409
42479	0.000209093093872	704	224	397, 107
44743	0.000172853469849	704	224	101, 443
59309	0.000171899795532	704	224	127, 467
57023	0.0002601146698	704	224	127, 449
47627	0.000270128250122	704	224	97, 491
46979	0.000231981277466	704	224	109, 431
54391	0.000231027603149	704	224	109, 499
48791	0.000212907791138	704	224	97, 503
52109	0.000226736068726	704	224	107, 487
56261	0.000248908996582	704	224	127, 443
63373	0.000239133834839	704	224	127, 499
50737	0.000264883041382	704	224	113, 449
48703	0.000220060348511	704	224	113, 431
47347	0.002338886260986	704	224	113, 419
55483	0.000224828720093	704	224	113, 491
43957	0.002155065536499	704	224	113, 389
62357	0.000218152999878	704	224	491, 127
50249	0.000228881835938	704	224	109, 461
43157	0.00021505355835	704	224	103, 419
54991	0.000267028808594	704	224	433, 127
41303	0.000936269760132	704	224	103, 401
46157	0.000259160995483	704	224	457, 101
41807	0.000244855880737	704	224	97, 431
53393	0.000237941741943	704	224	107, 499
49541	0.00023889541626	704	224	107, 463
51943	0.000250101089478	704	224	409, 127
46247	0.000275850296021	704	224	103, 449
38509	0.000252246856689	704	224	397, 97
54127	0.000238180160522	704	224	113, 479
48403	0.000323057174683	704	224	97, 499
47401	0.000238656997681	704	224	107, 443
[TEST] Preformance Test: findAllPollard with 32-bits primes.
[Integer to Factor]	[Elapsed Time]	[Memory Usage]	[Int Memory Usage]	[Factors]
3302891093	0.003618001937866	704	256	26417, 125029
2961085739	0.001024007797241	704	256	111031, 26669
3870236791	0.000730276107788	704	256	31079, 124529
3160915273	0.000497817993164	704	256	31247, 101159
3450908651	0.000992059707642	704	256	26987, 127873
3300947743	0.003860235214233	704	256	25423, 129841
2511198461	0.000993967056274	704	256	24907, 100823
3480945463	0.001420974731445	704	256	32183, 108161
3637756867	0.00104022026062	704	256	31063, 117109
3761758103	0.003009796142578	704	256	30949, 121547
3198528493	0.001075983047485	704	256	29567, 108179
3698992049	0.000597953796387	704	256	32009, 115561
2980360717	0.00082802772522	704	256	120863, 24659
3446464531	0.000676155090332	704	256	113591, 30341
3190907009	0.002043962478638	704	256	25609, 124601
3834202949	0.000794887542725	704	256	32297, 118717
4061150879	0.001019239425659	704	256	31189, 130211
3833944573	0.000745058059692	704	256	32297, 118709
2798185763	0.000959873199463	704	256	108377, 25819
2838210209	0.000311136245728	704	256	28027, 101267
2790340699	0.000477075576782	704	256	27427, 101737
2682580051	0.000566005706787	704	256	25841, 103811
3736729207	0.000383853912354	704	256	28817, 129671
3214875809	0.000609636306763	704	256	29347, 109547
2695564583	0.000837802886963	704	256	25409, 106087
3260506159	0.000829935073853	704	256	26947, 120997
3875733839	0.003055095672607	704	256	30391, 127529
3536361391	0.000980138778687	704	256	32381, 109211
3655183673	0.000685930252075	704	256	120661, 30293
3233485741	0.000856876373291	704	256	26489, 122069
3682234883	0.001078128814697	704	256	30241, 121763
3583655659	0.000860929489136	704	256	28703, 124853
3986031359	0.000524997711182	704	256	30509, 130651
3524133901	0.001049995422363	704	256	32173, 109537
3109043761	0.000608921051025	704	256	31069, 100069
4264702847	0.000813007354736	704	256	32609, 130783
3532392323	0.001742124557495	704	256	109903, 32141
3437671973	0.000869035720825	704	256	26387, 130279
3479882369	0.000865936279297	704	256	130279, 26711
2693354269	0.000893831253052	704	256	99529, 27061
3703382443	0.001177072525024	704	256	115223, 32141
2970352969	0.000292778015137	704	256	26891, 110459
3331142849	0.001862049102783	704	256	104513, 31873
3016418039	0.000732898712158	704	256	27271, 110609
2825298121	0.000658988952637	704	256	27449, 102929
3188798507	0.000355243682861	704	256	30223, 105509
3226636529	0.000600814819336	704	256	28549, 113021
3264337751	0.000341176986694	704	256	26591, 122761
3569043241	0.000464200973511	704	256	30307, 117763
3180307463	0.000375986099243	704	256	25439, 125017
2567091563	0.000663995742798	704	256	24671, 104053
3514047857	0.000408887863159	704	256	30893, 113749
3895286117	0.000745058059692	704	256	32611, 119447
3586972951	0.000363111495972	704	256	31859, 112589
2991187327	0.000619173049927	704	256	115183, 25969
3315538909	0.000424861907959	704	256	108967, 30427
3013495853	0.001150131225586	704	256	29101, 103553
3170756791	0.001127004623413	704	256	30689, 103319
3331464623	0.000503063201904	704	256	115873, 28751
3572926103	0.000335931777954	704	256	124679, 28657
3210252827	0.001023054122925	704	256	31699, 101273
3321296933	0.000262022018433	704	256	128399, 25867
4012608241	0.000824928283691	704	256	31387, 127843
2906411489	0.00031304359436	704	256	98419, 29531
3845396741	0.001090049743652	704	256	32687, 117643
3527950729	0.000458955764771	704	256	27647, 127607
3329453359	0.000391960144043	704	256	112859, 29501
3326297269	0.000642776489258	704	256	27449, 121181
3280246969	0.001436948776245	704	256	26171, 125339
3806005381	0.001171827316284	704	256	30341, 125441
3778908751	0.000371932983398	704	256	30203, 125117
2722393901	0.000769853591919	704	256	25741, 105761
3758834689	0.00096607208252	704	256	30269, 124181
2556117901	0.000597238540649	704	256	25411, 100591
3207655037	0.000698804855347	704	256	27059, 118543
3283520293	0.00115704536438	704	256	25117, 130729
3283427087	0.000340223312378	704	256	28081, 116927
3001882393	0.000860214233398	704	256	29327, 102359
3208267229	0.001319169998169	704	256	29027, 110527
2653656419	0.00073504447937	704	256	26203, 101273
3144837919	0.000681161880493	704	256	99871, 31489
3602688077	0.000312089920044	704	256	30803, 116959
4031464739	0.000838994979858	704	256	31249, 129011
3650398607	0.000430107116699	704	256	28901, 126307
3733419881	0.000476360321045	704	256	30181, 123701
3877637977	0.000653266906738	704	256	31357, 123661
3450203663	0.000300168991089	704	256	31817, 108439
2859112297	0.000705003738403	704	256	26407, 108271
2828827621	0.000432968139648	704	256	25759, 109819
2748625751	0.001136779785156	704	256	25343, 108457
3565864469	0.000627994537354	704	256	30809, 115741
3343356287	0.000600814819336	704	256	29873, 111919
3193135663	0.000673055648804	704	256	99901, 31963
3295382053	0.000564813613892	704	256	32327, 101939
3210801463	0.000530004501343	704	256	25031, 128273
3797921707	0.000965118408203	704	256	29027, 130841
3210517823	0.000916004180908	704	256	29173, 110051
4042538767	0.000441074371338	704	256	31079, 130073
3052361281	0.000792026519775	704	256	29147, 104723
3431089121	0.000484943389893	704	256	28537, 120233
[TEST] Preformance Test: findAllPollard with 48-bits primes.
[Integer to Factor]	[Elapsed Time]	[Memory Usage]	[Int Memory Usage]	[Factors]
237017682405857	0.007476091384888	704	256	32198839, 7361063
189149928329419	0.00245189666748	704	256	7497067, 25229857
213012057115723	0.007846117019653	704	256	6450779, 33021137
191697998426041	0.011883020401001	704	256	27715973, 6916517
232470763232989	0.003833770751953	704	256	7819111, 29731099
204041420366083	0.009591102600098	704	256	7251169, 28139107
221641946165831	0.002526998519897	704	256	6798991, 32599241
194124016668979	0.008967161178589	704	256	7371773, 26333423
205476280584833	0.005117893218994	704	256	6375133, 32230901
199406981452241	0.005055904388428	704	256	6758533, 29504477
214127039693261	0.007257699966431	704	256	26371517, 8119633
214187541761621	0.009807109832764	704	256	7838137, 27326333
238108839983359	0.016899108886719	704	256	7531283, 31615973
245254707957989	0.00370192527771	704	256	7321709, 33496921
218672001907123	0.00759220123291	704	256	28963321, 7549963
167374010958731	0.011719942092896	704	256	25609159, 6535709
192453421135253	0.004868030548096	704	256	6696779, 28738207
269377869966679	0.002646684646606	704	256	8076191, 33354569
187717562592839	0.00320291519165	704	256	7195997, 26086387
202854137927459	0.009040355682373	704	256	7071341, 28686799
174078963991019	0.002604007720947	704	256	6546131, 26592649
183078329468641	0.001183986663818	704	256	28621807, 6396463
227815730081993	0.006381988525391	704	256	27973063, 8144111
194796168735743	0.006497144699097	704	256	7179943, 27130601
220095124706827	0.004175186157227	704	256	7916861, 27800807
232201583708383	0.004678249359131	704	256	7157987, 32439509
200269326396091	0.006496906280518	704	256	6780881, 29534411
210085419319313	0.004870891571045	704	256	32256227, 6513019
224699430128839	0.013023853302002	704	256	8069107, 27846877
201820318803847	0.001695871353149	704	256	7059121, 28590007
201580914691297	0.008733987808228	704	256	7539431, 26736887
260086265630189	0.008822202682495	704	256	8068903, 32233163
261065730720713	0.006612062454224	704	256	7815659, 33402907
200399041428323	0.006812810897827	704	256	25417387, 7884329
245897892111581	0.015692710876465	704	256	8358473, 29418997
175975440364487	0.007244110107422	704	256	6576529, 26758103
169600901958847	0.005643129348755	704	256	6579733, 25776259
175899268484981	0.012821912765503	704	256	6536527, 26910203
218814081956471	0.015848875045776	704	256	29292353, 7470007
221722916876701	0.003599882125854	704	256	32299217, 6864653
202231666894393	0.007222175598145	704	256	25293461, 7995413
211072099747463	0.010701656341553	704	256	30632321, 6890503
175312342322993	0.00730299949646	704	256	6846811, 25604963
202005264645797	0.011432886123657	704	256	6949927, 29065811
190356020342539	0.008997917175293	704	256	29675519, 6414581
190287976024877	0.01000189781189	704	256	25727549, 7396273
200383439138809	0.012221097946167	704	256	30754897, 6515497
195886699755781	0.007537841796875	704	256	7112711, 27540371
181228041944953	0.005401134490967	704	256	7025509, 25795717
222322896252299	0.009259939193726	704	256	6637049, 33497251
232937223564271	0.005677700042725	704	256	8120759, 28684169
220104499167031	0.006258010864258	704	256	8230889, 26741279
194974465113371	0.009594917297363	704	256	6792083, 28706137
244855461187703	0.005059957504272	704	256	8220101, 29787403
224558544341317	0.014060020446777	704	256	7902701, 28415417
176138466788027	0.004694700241089	704	256	6727781, 26180767
263128789734341	0.008792161941528	704	256	32525323, 8089967
213417738428981	0.007857799530029	704	256	7545169, 28285349
229537896912347	0.004399061203003	704	256	28367707, 8091521
193332820177141	0.008287191390991	704	256	7085339, 27286319
245784470294809	0.007223606109619	704	256	7598543, 32346263
231471176376799	0.007929086685181	704	256	7151093, 32368643
225319475521039	0.01798677444458	704	256	27272381, 8261819
217895319680833	0.009367227554321	704	256	7989767, 27271799
224333402690933	0.004569053649902	704	256	7453063, 30099491
220976403657013	0.003551006317139	704	256	6931339, 31880767
206180061962969	0.006711959838867	704	256	7049501, 29247469
180091293817153	0.010740995407104	704	256	6415081, 28073113
222357093495419	0.012678146362305	704	256	33197491, 6698009
212842697858863	0.010218143463135	704	256	6529261, 32598283
165427057167347	0.005589008331299	704	256	6429691, 25728617
200338937331971	0.006164312362671	704	256	29032529, 6900499
196653883670989	0.010550022125244	704	256	6540181, 30068569
207218429354329	0.009495258331299	704	256	26578729, 7796401
239558598217579	0.002846956253052	704	256	7899751, 30324829
183002367173699	0.009155988693237	704	256	6930037, 26407127
232134941410991	0.008773803710938	704	256	8075563, 28745357
179110464301189	0.00204610824585	704	256	6434567, 27835667
233838834646999	0.004869222640991	704	256	7307731, 31998829
207492608461097	0.005561113357544	704	256	7115903, 29158999
259016887089733	0.004378318786621	704	256	7990349, 32416217
168147715043599	0.003662824630737	704	256	6540539, 25708541
194261418431167	0.003853797912598	704	256	6379091, 30452837
237661434007183	0.012511968612671	704	256	7189907, 33054869
239487764076833	0.010257959365845	704	256	8153347, 29372939
177999521316103	0.004961013793945	704	256	6569971, 27092893
200240971656137	0.013437986373901	704	256	31322503, 6392879
201022907250019	0.002411127090454	704	256	7626221, 26359439
194533927628321	0.006488084793091	704	256	7316453, 26588557
192217104060973	0.0101478099823	704	256	7488101, 25669673
184208523265849	0.008188009262085	704	256	7206443, 25561643
191250615888991	0.009238004684448	704	256	7461647, 25631153
226671069839077	0.007757186889648	704	256	6798817, 33339781
212067551268407	0.019483089447021	704	256	6966007, 30443201
212321258644483	0.005835056304932	704	256	7071509, 30024887
210149725338263	0.005677700042725	704	256	29713267, 7072589
171535515317473	0.005060195922852	704	256	6721427, 25520699
208974686048759	0.005777835845947	704	256	7705993, 27118463
254244506560799	0.008804082870483	704	256	8132329, 31263431
221819003287559	0.016654253005981	704	256	6739147, 32914997
[TEST] Preformance Test: findAllPollard with 56-bits primes.
[Integer to Factor]	[Elapsed Time]	[Memory Usage]	[Int Memory Usage]	[Factors]
69127260758319389	0.035361051559448	704	256	131541737, 525515797
52157861953906679	0.013649225234985	704	256	122589821, 425466499
65420543853886769	0.046493053436279	704	256	126407293, 517537733
48194952411453503	0.015496969223022	704	256	108840343, 442804121
58762398206302919	0.018922805786133	704	256	131180521, 447950639
51221997736904009	0.020190000534058	704	256	108104677, 473818517
53346970234579999	0.019079923629761	704	256	107573201, 495913199
57400783127281381	0.010077953338623	704	256	114705491, 500418791
49047635516900287	0.055749177932739	704	256	426857129, 114904103
57060919049812807	0.022440195083618	704	256	126691949, 450391043
59589391964566097	0.011602163314819	704	256	120070417, 496287041
52612965785243917	0.025451183319092	704	256	110262281, 477161957
54720617155760177	0.034992933273315	704	256	125819087, 434915071
45219717377917741	0.018871068954468	704	256	109893137, 411488093
49579561003129709	0.009839057922363	704	256	104523863, 474337243
57126632987208517	0.019131898880005	704	256	120056809, 475830013
54737897799540029	0.016138076782227	704	256	106356169, 514665941
48535953125301437	0.050660848617554	704	256	117953093, 411485209
52409773850736997	0.021072149276733	704	256	105865313, 495060869
56823127244525687	0.025383234024048	704	256	430539631, 131981177
50731891199164757	0.021053075790405	704	256	118301497, 428835581
55049964265185079	0.007111072540283	704	256	122109991, 450822769
43654760990264041	0.014252901077271	704	256	429487087, 101643943
53666231051352427	0.034598827362061	704	256	107049281, 501322667
49818841489852399	0.028196096420288	704	256	107957173, 461468563
